{
    "animation": [
        {
            "name": "Root",
            "time": [0.0, 0.0167, 0.0333, 0.05, 0.0667, 0.0833, 0.1, 0.1167, 0.1333, 0.15, 0.1667, 0.1833, 0.2, 0.2167, 0.2333, 0.25, 0.2667, 0.2833, 0.3, 0.3167, 0.3333, 0.35, 0.3667, 0.3833, 0.4, 0.4167, 0.4333, 0.45, 0.4667, 0.4833, 0.5, 0.5167, 0.5333, 0.55, 0.5667, 0.5833, 0.6, 0.6167, 0.6333, 0.65, 0.6667, 0.6833, 0.7, 0.7167, 0.7333, 0.75, 0.7667, 0.7833, 0.8, 0.8167, 0.8333, 0.85, 0.8667, 0.8833, 0.9, 0.9167, 0.9333, 0.95, 0.9667, 0.9833, 1.0, 1.0167, 1.0333, 1.05, 1.0667, 1.0833, 1.1, 1.1167, 1.1333, 1.15, 1.1667, 1.1833, 1.2, 1.2167, 1.2333, 1.25, 1.2667, 1.2833, 1.3, 1.3167, 1.3333, 1.35, 1.3667, 1.3833, 1.4, 1.4167, 1.4333, 1.45, 1.4667, 1.4833, 1.5, 1.5167, 1.5333, 1.55, 1.5667, 1.5833, 1.6, 1.6167, 1.6333, 1.65, 1.6667, 1.6833, 1.7, 1.7167, 1.7333, 1.75, 1.7667, 1.7833, 1.8, 1.8167, 1.8333, 1.85, 1.8667, 1.8833, 1.9, 1.9167, 1.9333, 1.95, 1.9667, 1.9833, 2.0, 2.0167, 2.0333, 2.05, 2.0667, 2.0833, 2.1, 2.1167, 2.1333, 2.15, 2.1667, 2.1833, 2.2, 2.2167, 2.2333, 2.25, 2.2667, 2.2833, 2.3, 2.3167, 2.3333, 2.35, 2.3667, 2.3833, 2.4, 2.4167, 2.4333, 2.45, 2.4667, 2.4833, 2.5, 2.5167, 2.5333, 2.55, 2.5667, 2.5833, 2.6, 2.6167, 2.6333, 2.65, 2.6667, 2.6833, 2.7, 2.7167, 2.7333],
            "transform": [
                [1.0, 0.0, 0.0, 0.0, 0.0, 0.0, -1.0, 0.0, 0.0, 1.0, 0.0, 0.0, 0.0, 0.0, 0.0, 1.0],
                [1.0, 0.0, 0.0, 0.0, 0.0, 0.0, -1.0, 0.0, 0.0, 1.0, 0.0, 0.0, 0.0, 0.0, 0.0, 1.0],
                [1.0, 0.0, 0.0, 0.0, 0.0, 0.0, -1.0, 0.0, 0.0, 1.0, 0.0, 0.0, 0.0, 0.0, 0.0, 1.0],
                [1.0, 0.0, 0.0, 0.0, 0.0, 0.0, -1.0, 0.0, 0.0, 1.0, 0.0, 0.0, 0.0, 0.0, 0.0, 1.0],
                [1.0, 0.0, 0.0, 0.0, 0.0, 0.0, -1.0, 0.0, 0.0, 1.0, 0.0, 0.0, 0.0, 0.0, 0.0, 1.0],
                [1.0, 0.0, 0.0, 0.0, 0.0, 0.0, -1.0, 0.0, 0.0, 1.0, 0.0, 0.0, 0.0, 0.0, 0.0, 1.0],
                [1.0, 0.0, 0.0, 0.0, 0.0, 0.0, -1.0, 0.0, 0.0, 1.0, 0.0, 0.0, 0.0, 0.0, 0.0, 1.0],
                [1.0, 0.0, 0.0, 0.0, 0.0, 0.0, -1.0, 0.0, 0.0, 1.0, 0.0, 0.0, 0.0, 0.0, 0.0, 1.0],
                [1.0, 0.0, 0.0, 0.0, 0.0, 0.0, -1.0, 0.0, 0.0, 1.0, 0.0, 0.0, 0.0, 0.0, 0.0, 1.0],
                [1.0, 0.0, 0.0, 0.0, 0.0, 0.0, -1.0, 0.0, 0.0, 1.0, 0.0, 0.0, 0.0, 0.0, 0.0, 1.0],
                [1.0, 0.0, 0.0, 0.0, 0.0, 0.0, -1.0, 0.0, 0.0, 1.0, 0.0, 0.0, 0.0, 0.0, 0.0, 1.0],
                [1.0, 0.0, 0.0, 0.0, 0.0, 0.0, -1.0, 0.0, 0.0, 1.0, 0.0, 0.0, 0.0, 0.0, 0.0, 1.0],
                [1.0, 0.0, 0.0, 0.0, 0.0, 0.0, -1.0, 0.0, 0.0, 1.0, 0.0, 0.0, 0.0, 0.0, 0.0, 1.0],
                [1.0, 0.0, 0.0, 0.0, 0.0, 0.0, -1.0, 0.0, 0.0, 1.0, 0.0, 0.0, 0.0, 0.0, 0.0, 1.0],
                [1.0, 0.0, 0.0, 0.0, 0.0, 0.0, -1.0, 0.0, 0.0, 1.0, 0.0, 0.0, 0.0, 0.0, 0.0, 1.0],
                [1.0, 0.0, 0.0, 0.0, 0.0, 0.0, -1.0, 0.0, 0.0, 1.0, 0.0, 0.0, 0.0, 0.0, 0.0, 1.0],
                [1.0, 0.0, 0.0, 0.0, 0.0, 0.0, -1.0, 0.0, 0.0, 1.0, 0.0, 0.0, 0.0, 0.0, 0.0, 1.0],
                [1.0, 0.0, 0.0, 0.0, 0.0, 0.0, -1.0, 0.0, 0.0, 1.0, 0.0, 0.0, 0.0, 0.0, 0.0, 1.0],
                [1.0, 0.0, 0.0, 0.0, 0.0, 0.0, -1.0, 0.0, 0.0, 1.0, 0.0, 0.0, 0.0, 0.0, 0.0, 1.0],
                [1.0, 0.0, 0.0, 0.0, 0.0, 0.0, -1.0, 0.0, 0.0, 1.0, 0.0, 0.0, 0.0, 0.0, 0.0, 1.0],
                [1.0, 0.0, 0.0, 0.0, 0.0, 0.0, -1.0, 0.0, 0.0, 1.0, 0.0, 0.0, 0.0, 0.0, 0.0, 1.0],
                [1.0, 0.0, 0.0, 0.0, 0.0, 0.0, -1.0, 0.0, 0.0, 1.0, 0.0, 0.0, 0.0, 0.0, 0.0, 1.0],
                [1.0, 0.0, 0.0, 0.0, 0.0, 0.0, -1.0, 0.0, 0.0, 1.0, 0.0, 0.0, 0.0, 0.0, 0.0, 1.0],
                [1.0, 0.0, 0.0, 0.0, 0.0, 0.0, -1.0, 0.0, 0.0, 1.0, 0.0, 0.0, 0.0, 0.0, 0.0, 1.0],
                [1.0, 0.0, 0.0, 0.0, 0.0, 0.0, -1.0, 0.0, 0.0, 1.0, 0.0, 0.0, 0.0, 0.0, 0.0, 1.0],
                [1.0, 0.0, 0.0, 0.0, 0.0, 0.0, -1.0, 0.0, 0.0, 1.0, 0.0, 0.0, 0.0, 0.0, 0.0, 1.0],
                [1.0, 0.0, 0.0, 0.0, 0.0, 0.0, -1.0, 0.0, 0.0, 1.0, 0.0, 0.0, 0.0, 0.0, 0.0, 1.0],
                [1.0, 0.0, 0.0, 0.0, 0.0, 0.0, -1.0, 0.0, 0.0, 1.0, 0.0, 0.0, 0.0, 0.0, 0.0, 1.0],
                [1.0, 0.0, 0.0, 0.0, 0.0, 0.0, -1.0, 0.0, 0.0, 1.0, 0.0, 0.0, 0.0, 0.0, 0.0, 1.0],
                [1.0, 0.0, 0.0, 0.0, 0.0, 0.0, -1.0, 0.0, 0.0, 1.0, 0.0, 0.0, 0.0, 0.0, 0.0, 1.0],
                [1.0, 0.0, 0.0, 0.0, 0.0, 0.0, -1.0, 0.0, 0.0, 1.0, 0.0, 0.0, 0.0, 0.0, 0.0, 1.0],
                [1.0, 0.0, 0.0, 0.0, 0.0, 0.0, -1.0, 0.0, 0.0, 1.0, 0.0, 0.0, 0.0, 0.0, 0.0, 1.0],
                [1.0, 0.0, 0.0, 0.0, 0.0, 0.0, -1.0, 0.0, 0.0, 1.0, 0.0, 0.0, 0.0, 0.0, 0.0, 1.0],
                [1.0, 0.0, 0.0, 0.0, 0.0, 0.0, -1.0, 0.0, 0.0, 1.0, 0.0, 0.0, 0.0, 0.0, 0.0, 1.0],
                [1.0, 0.0, 0.0, 0.0, 0.0, 0.0, -1.0, 0.0, 0.0, 1.0, 0.0, 0.0, 0.0, 0.0, 0.0, 1.0],
                [1.0, 0.0, 0.0, 0.0, 0.0, 0.0, -1.0, 0.0, 0.0, 1.0, 0.0, 0.0, 0.0, 0.0, 0.0, 1.0],
                [1.0, 0.0, 0.0, 0.0, 0.0, 0.0, -1.0, 0.0, 0.0, 1.0, 0.0, 0.0, 0.0, 0.0, 0.0, 1.0],
                [1.0, 0.0, 0.0, 0.0, 0.0, 0.0, -1.0, 0.0, 0.0, 1.0, 0.0, 0.0, 0.0, 0.0, 0.0, 1.0],
                [1.0, 0.0, 0.0, 0.0, 0.0, 0.0, -1.0, 0.0, 0.0, 1.0, 0.0, 0.0, 0.0, 0.0, 0.0, 1.0],
                [1.0, 0.0, 0.0, 0.0, 0.0, 0.0, -1.0, 0.0, 0.0, 1.0, 0.0, 0.0, 0.0, 0.0, 0.0, 1.0],
                [1.0, 0.0, 0.0, 0.0, 0.0, 0.0, -1.0, 0.0, 0.0, 1.0, 0.0, 0.0, 0.0, 0.0, 0.0, 1.0],
                [1.0, 0.0, 0.0, 0.0, 0.0, 0.0, -1.0, 0.0, 0.0, 1.0, 0.0, 0.0, 0.0, 0.0, 0.0, 1.0],
                [1.0, 0.0, 0.0, 0.0, 0.0, 0.0, -1.0, 0.0, 0.0, 1.0, 0.0, 0.0, 0.0, 0.0, 0.0, 1.0],
                [1.0, 0.0, 0.0, 0.0, 0.0, 0.0, -1.0, 0.0, 0.0, 1.0, 0.0, 0.0, 0.0, 0.0, 0.0, 1.0],
                [1.0, 0.0, 0.0, 0.0, 0.0, 0.0, -1.0, 0.0, 0.0, 1.0, 0.0, 0.0, 0.0, 0.0, 0.0, 1.0],
                [1.0, 0.0, 0.0, 0.0, 0.0, 0.0, -1.0, 0.0, 0.0, 1.0, 0.0, 0.0, 0.0, 0.0, 0.0, 1.0],
                [1.0, 0.0, 0.0, 0.0, 0.0, 0.0, -1.0, 0.0, 0.0, 1.0, 0.0, 0.0, 0.0, 0.0, 0.0, 1.0],
                [1.0, 0.0, 0.0, 0.0, 0.0, 0.0, -1.0, 0.0, 0.0, 1.0, 0.0, 0.0, 0.0, 0.0, 0.0, 1.0],
                [1.0, 0.0, 0.0, 0.0, 0.0, 0.0, -1.0, 0.0, 0.0, 1.0, 0.0, 0.0, 0.0, 0.0, 0.0, 1.0],
                [1.0, 0.0, 0.0, 0.0, 0.0, 0.0, -1.0, 0.0, 0.0, 1.0, 0.0, 0.0, 0.0, 0.0, 0.0, 1.0],
                [1.0, 0.0, 0.0, 0.0, 0.0, 0.0, -1.0, 0.0, 0.0, 1.0, 0.0, 0.0, 0.0, 0.0, 0.0, 1.0],
                [1.0, 0.0, 0.0, 0.0, 0.0, 0.0, -1.0, 0.0, 0.0, 1.0, 0.0, 0.0, 0.0, 0.0, 0.0, 1.0],
                [1.0, 0.0, 0.0, 0.0, 0.0, 0.0, -1.0, 0.0, 0.0, 1.0, 0.0, 0.0, 0.0, 0.0, 0.0, 1.0],
                [1.0, 0.0, 0.0, 0.0, 0.0, 0.0, -1.0, 0.0, 0.0, 1.0, 0.0, 0.0, 0.0, 0.0, 0.0, 1.0],
                [1.0, 0.0, 0.0, 0.0, 0.0, 0.0, -1.0, 0.0, 0.0, 1.0, 0.0, 0.0, 0.0, 0.0, 0.0, 1.0],
                [1.0, 0.0, 0.0, 0.0, 0.0, 0.0, -1.0, 0.0, 0.0, 1.0, 0.0, 0.0, 0.0, 0.0, 0.0, 1.0],
                [1.0, 0.0, 0.0, 0.0, 0.0, 0.0, -1.0, 0.0, 0.0, 1.0, 0.0, 0.0, 0.0, 0.0, 0.0, 1.0],
                [1.0, 0.0, 0.0, 0.0, 0.0, 0.0, -1.0, 0.0, 0.0, 1.0, 0.0, 0.0, 0.0, 0.0, 0.0, 1.0],
                [1.0, 0.0, 0.0, 0.0, 0.0, 0.0, -1.0, 0.0, 0.0, 1.0, 0.0, 0.0, 0.0, 0.0, 0.0, 1.0],
                [1.0, 0.0, 0.0, 0.0, 0.0, 0.0, -1.0, 0.0, 0.0, 1.0, 0.0, 0.0, 0.0, 0.0, 0.0, 1.0],
                [1.0, 0.0, 0.0, 0.0, 0.0, 0.0, -1.0, 0.0, 0.0, 1.0, 0.0, 0.0, 0.0, 0.0, 0.0, 1.0],
                [1.0, 0.0, 0.0, 0.0, 0.0, 0.0, -1.0, 0.0, 0.0, 1.0, 0.0, 0.0, 0.0, 0.0, 0.0, 1.0],
                [1.0, 0.0, 0.0, 0.0, 0.0, 0.0, -1.0, 0.0, 0.0, 1.0, 0.0, 0.0, 0.0, 0.0, 0.0, 1.0],
                [1.0, 0.0, 0.0, 0.0, 0.0, 0.0, -1.0, 0.0, 0.0, 1.0, 0.0, 0.0, 0.0, 0.0, 0.0, 1.0],
                [1.0, 0.0, 0.0, 0.0, 0.0, 0.0, -1.0, 0.0, 0.0, 1.0, 0.0, 0.0, 0.0, 0.0, 0.0, 1.0],
                [1.0, 0.0, 0.0, 0.0, 0.0, 0.0, -1.0, 0.0, 0.0, 1.0, 0.0, 0.0, 0.0, 0.0, 0.0, 1.0],
                [1.0, 0.0, 0.0, 0.0, 0.0, 0.0, -1.0, 0.0, 0.0, 1.0, 0.0, 0.0, 0.0, 0.0, 0.0, 1.0],
                [1.0, 0.0, 0.0, 0.0, 0.0, 0.0, -1.0, 0.0, 0.0, 1.0, 0.0, 0.0, 0.0, 0.0, 0.0, 1.0],
                [1.0, 0.0, 0.0, 0.0, 0.0, 0.0, -1.0, 0.0, 0.0, 1.0, 0.0, 0.0, 0.0, 0.0, 0.0, 1.0],
                [1.0, 0.0, 0.0, 0.0, 0.0, 0.0, -1.0, 0.0, 0.0, 1.0, 0.0, 0.0, 0.0, 0.0, 0.0, 1.0],
                [1.0, 0.0, 0.0, 0.0, 0.0, 0.0, -1.0, 0.0, 0.0, 1.0, 0.0, 0.0, 0.0, 0.0, 0.0, 1.0],
                [1.0, 0.0, 0.0, 0.0, 0.0, 0.0, -1.0, 0.0, 0.0, 1.0, 0.0, 0.0, 0.0, 0.0, 0.0, 1.0],
                [1.0, 0.0, 0.0, 0.0, 0.0, 0.0, -1.0, 0.0, 0.0, 1.0, 0.0, 0.0, 0.0, 0.0, 0.0, 1.0],
                [1.0, 0.0, 0.0, 0.0, 0.0, 0.0, -1.0, 0.0, 0.0, 1.0, 0.0, 0.0, 0.0, 0.0, 0.0, 1.0],
                [1.0, 0.0, 0.0, 0.0, 0.0, 0.0, -1.0, 0.0, 0.0, 1.0, 0.0, 0.0, 0.0, 0.0, 0.0, 1.0],
                [1.0, 0.0, 0.0, 0.0, 0.0, 0.0, -1.0, 0.0, 0.0, 1.0, 0.0, 0.0, 0.0, 0.0, 0.0, 1.0],
                [1.0, 0.0, 0.0, 0.0, 0.0, 0.0, -1.0, 0.0, 0.0, 1.0, 0.0, 0.0, 0.0, 0.0, 0.0, 1.0],
                [1.0, 0.0, 0.0, 0.0, 0.0, 0.0, -1.0, 0.0, 0.0, 1.0, 0.0, 0.0, 0.0, 0.0, 0.0, 1.0],
                [1.0, 0.0, 0.0, 0.0, 0.0, 0.0, -1.0, 0.0, 0.0, 1.0, 0.0, 0.0, 0.0, 0.0, 0.0, 1.0],
                [1.0, 0.0, 0.0, 0.0, 0.0, 0.0, -1.0, 0.0, 0.0, 1.0, 0.0, 0.0, 0.0, 0.0, 0.0, 1.0],
                [1.0, 0.0, 0.0, 0.0, 0.0, 0.0, -1.0, 0.0, 0.0, 1.0, 0.0, 0.0, 0.0, 0.0, 0.0, 1.0],
                [1.0, 0.0, 0.0, 0.0, 0.0, 0.0, -1.0, 0.0, 0.0, 1.0, 0.0, 0.0, 0.0, 0.0, 0.0, 1.0],
                [1.0, 0.0, 0.0, 0.0, 0.0, 0.0, -1.0, 0.0, 0.0, 1.0, 0.0, 0.0, 0.0, 0.0, 0.0, 1.0],
                [1.0, 0.0, 0.0, 0.0, 0.0, 0.0, -1.0, 0.0, 0.0, 1.0, 0.0, 0.0, 0.0, 0.0, 0.0, 1.0],
                [1.0, 0.0, 0.0, 0.0, 0.0, 0.0, -1.0, 0.0, 0.0, 1.0, 0.0, 0.0, 0.0, 0.0, 0.0, 1.0],
                [1.0, 0.0, 0.0, 0.0, 0.0, 0.0, -1.0, 0.0, 0.0, 1.0, 0.0, 0.0, 0.0, 0.0, 0.0, 1.0],
                [1.0, 0.0, 0.0, 0.0, 0.0, 0.0, -1.0, 0.0, 0.0, 1.0, 0.0, 0.0, 0.0, 0.0, 0.0, 1.0],
                [1.0, 0.0, 0.0, 0.0, 0.0, 0.0, -1.0, 0.0, 0.0, 1.0, 0.0, 0.0, 0.0, 0.0, 0.0, 1.0],
                [1.0, 0.0, 0.0, 0.0, 0.0, 0.0, -1.0, 0.0, 0.0, 1.0, 0.0, 0.0, 0.0, 0.0, 0.0, 1.0],
                [1.0, 0.0, 0.0, 0.0, 0.0, 0.0, -1.0, 0.0, 0.0, 1.0, 0.0, 0.0, 0.0, 0.0, 0.0, 1.0],
                [1.0, 0.0, 0.0, 0.0, 0.0, 0.0, -1.0, 0.0, 0.0, 1.0, 0.0, 0.0, 0.0, 0.0, 0.0, 1.0],
                [1.0, 0.0, 0.0, 0.0, 0.0, 0.0, -1.0, 0.0, 0.0, 1.0, 0.0, 0.0, 0.0, 0.0, 0.0, 1.0],
                [1.0, 0.0, 0.0, 0.0, 0.0, 0.0, -1.0, 0.0, 0.0, 1.0, 0.0, 0.0, 0.0, 0.0, 0.0, 1.0],
                [1.0, 0.0, 0.0, 0.0, 0.0, 0.0, -1.0, 0.0, 0.0, 1.0, 0.0, 0.0, 0.0, 0.0, 0.0, 1.0],
                [1.0, 0.0, 0.0, 0.0, 0.0, 0.0, -1.0, 0.0, 0.0, 1.0, 0.0, 0.0, 0.0, 0.0, 0.0, 1.0],
                [1.0, 0.0, 0.0, 0.0, 0.0, 0.0, -1.0, 0.0, 0.0, 1.0, 0.0, 0.0, 0.0, 0.0, 0.0, 1.0],
                [1.0, 0.0, 0.0, 0.0, 0.0, 0.0, -1.0, 0.0, 0.0, 1.0, 0.0, 0.0, 0.0, 0.0, 0.0, 1.0],
                [1.0, 0.0, 0.0, 0.0, 0.0, 0.0, -1.0, 0.0, 0.0, 1.0, 0.0, 0.0, 0.0, 0.0, 0.0, 1.0],
                [1.0, 0.0, 0.0, 0.0, 0.0, 0.0, -1.0, 0.0, 0.0, 1.0, 0.0, 0.0, 0.0, 0.0, 0.0, 1.0],
                [1.0, 0.0, 0.0, 0.0, 0.0, 0.0, -1.0, 0.0, 0.0, 1.0, 0.0, 0.0, 0.0, 0.0, 0.0, 1.0],
                [1.0, 0.0, 0.0, 0.0, 0.0, 0.0, -1.0, 0.0, 0.0, 1.0, 0.0, 0.0, 0.0, 0.0, 0.0, 1.0],
                [1.0, 0.0, 0.0, 0.0, 0.0, 0.0, -1.0, 0.0, 0.0, 1.0, 0.0, 0.0, 0.0, 0.0, 0.0, 1.0],
                [1.0, 0.0, 0.0, 0.0, 0.0, 0.0, -1.0, 0.0, 0.0, 1.0, 0.0, 0.0, 0.0, 0.0, 0.0, 1.0],
                [1.0, 0.0, 0.0, 0.0, 0.0, 0.0, -1.0, 0.0, 0.0, 1.0, 0.0, 0.0, 0.0, 0.0, 0.0, 1.0],
                [1.0, 0.0, 0.0, 0.0, 0.0, 0.0, -1.0, 0.0, 0.0, 1.0, 0.0, 0.0, 0.0, 0.0, 0.0, 1.0],
                [1.0, 0.0, 0.0, 0.0, 0.0, 0.0, -1.0, 0.0, 0.0, 1.0, 0.0, 0.0, 0.0, 0.0, 0.0, 1.0],
                [1.0, 0.0, 0.0, 0.0, 0.0, 0.0, -1.0, 0.0, 0.0, 1.0, 0.0, 0.0, 0.0, 0.0, 0.0, 1.0],
                [1.0, 0.0, 0.0, 0.0, 0.0, 0.0, -1.0, 0.0, 0.0, 1.0, 0.0, 0.0, 0.0, 0.0, 0.0, 1.0],
                [1.0, 0.0, 0.0, 0.0, 0.0, 0.0, -1.0, 0.0, 0.0, 1.0, 0.0, 0.0, 0.0, 0.0, 0.0, 1.0],
                [1.0, 0.0, 0.0, 0.0, 0.0, 0.0, -1.0, 0.0, 0.0, 1.0, 0.0, 0.0, 0.0, 0.0, 0.0, 1.0],
                [1.0, 0.0, 0.0, 0.0, 0.0, 0.0, -1.0, 0.0, 0.0, 1.0, 0.0, 0.0, 0.0, 0.0, 0.0, 1.0],
                [1.0, 0.0, 0.0, 0.0, 0.0, 0.0, -1.0, 0.0, 0.0, 1.0, 0.0, 0.0, 0.0, 0.0, 0.0, 1.0],
                [1.0, 0.0, 0.0, 0.0, 0.0, 0.0, -1.0, 0.0, 0.0, 1.0, 0.0, 0.0, 0.0, 0.0, 0.0, 1.0],
                [1.0, 0.0, 0.0, 0.0, 0.0, 0.0, -1.0, 0.0, 0.0, 1.0, 0.0, 0.0, 0.0, 0.0, 0.0, 1.0],
                [1.0, 0.0, 0.0, 0.0, 0.0, 0.0, -1.0, 0.0, 0.0, 1.0, 0.0, 0.0, 0.0, 0.0, 0.0, 1.0],
                [1.0, 0.0, 0.0, 0.0, 0.0, 0.0, -1.0, 0.0, 0.0, 1.0, 0.0, 0.0, 0.0, 0.0, 0.0, 1.0],
                [1.0, 0.0, 0.0, 0.0, 0.0, 0.0, -1.0, 0.0, 0.0, 1.0, 0.0, 0.0, 0.0, 0.0, 0.0, 1.0],
                [1.0, 0.0, 0.0, 0.0, 0.0, 0.0, -1.0, 0.0, 0.0, 1.0, 0.0, 0.0, 0.0, 0.0, 0.0, 1.0],
                [1.0, 0.0, 0.0, 0.0, 0.0, 0.0, -1.0, 0.0, 0.0, 1.0, 0.0, 0.0, 0.0, 0.0, 0.0, 1.0],
                [1.0, 0.0, 0.0, 0.0, 0.0, 0.0, -1.0, 0.0, 0.0, 1.0, 0.0, 0.0, 0.0, 0.0, 0.0, 1.0],
                [1.0, 0.0, 0.0, 0.0, 0.0, 0.0, -1.0, 0.0, 0.0, 1.0, 0.0, 0.0, 0.0, 0.0, 0.0, 1.0],
                [1.0, 0.0, 0.0, 0.0, 0.0, 0.0, -1.0, 0.0, 0.0, 1.0, 0.0, 0.0, 0.0, 0.0, 0.0, 1.0],
                [1.0, 0.0, 0.0, 0.0, 0.0, 0.0, -1.0, 0.0, 0.0, 1.0, 0.0, 0.0, 0.0, 0.0, 0.0, 1.0],
                [1.0, 0.0, 0.0, 0.0, 0.0, 0.0, -1.0, 0.0, 0.0, 1.0, 0.0, 0.0, 0.0, 0.0, 0.0, 1.0],
                [1.0, 0.0, 0.0, 0.0, 0.0, 0.0, -1.0, 0.0, 0.0, 1.0, 0.0, 0.0, 0.0, 0.0, 0.0, 1.0],
                [1.0, 0.0, 0.0, 0.0, 0.0, 0.0, -1.0, 0.0, 0.0, 1.0, 0.0, 0.0, 0.0, 0.0, 0.0, 1.0],
                [1.0, 0.0, 0.0, 0.0, 0.0, 0.0, -1.0, 0.0, 0.0, 1.0, 0.0, 0.0, 0.0, 0.0, 0.0, 1.0],
                [1.0, 0.0, 0.0, 0.0, 0.0, 0.0, -1.0, 0.0, 0.0, 1.0, 0.0, 0.0, 0.0, 0.0, 0.0, 1.0],
                [1.0, 0.0, 0.0, 0.0, 0.0, 0.0, -1.0, 0.0, 0.0, 1.0, 0.0, 0.0, 0.0, 0.0, 0.0, 1.0],
                [1.0, 0.0, 0.0, 0.0, 0.0, 0.0, -1.0, 0.0, 0.0, 1.0, 0.0, 0.0, 0.0, 0.0, 0.0, 1.0],
                [1.0, 0.0, 0.0, 0.0, 0.0, 0.0, -1.0, 0.0, 0.0, 1.0, 0.0, 0.0, 0.0, 0.0, 0.0, 1.0],
                [1.0, 0.0, 0.0, 0.0, 0.0, 0.0, -1.0, 0.0, 0.0, 1.0, 0.0, 0.0, 0.0, 0.0, 0.0, 1.0],
                [1.0, 0.0, 0.0, 0.0, 0.0, 0.0, -1.0, 0.0, 0.0, 1.0, 0.0, 0.0, 0.0, 0.0, 0.0, 1.0],
                [1.0, 0.0, 0.0, 0.0, 0.0, 0.0, -1.0, 0.0, 0.0, 1.0, 0.0, 0.0, 0.0, 0.0, 0.0, 1.0],
                [1.0, 0.0, 0.0, 0.0, 0.0, 0.0, -1.0, 0.0, 0.0, 1.0, 0.0, 0.0, 0.0, 0.0, 0.0, 1.0],
                [1.0, 0.0, 0.0, 0.0, 0.0, 0.0, -1.0, 0.0, 0.0, 1.0, 0.0, 0.0, 0.0, 0.0, 0.0, 1.0],
                [1.0, 0.0, 0.0, 0.0, 0.0, 0.0, -1.0, 0.0, 0.0, 1.0, 0.0, 0.0, 0.0, 0.0, 0.0, 1.0],
                [1.0, 0.0, 0.0, 0.0, 0.0, 0.0, -1.0, 0.0, 0.0, 1.0, 0.0, 0.0, 0.0, 0.0, 0.0, 1.0],
                [1.0, 0.0, 0.0, 0.0, 0.0, 0.0, -1.0, 0.0, 0.0, 1.0, 0.0, 0.0, 0.0, 0.0, 0.0, 1.0],
                [1.0, 0.0, 0.0, 0.0, 0.0, 0.0, -1.0, 0.0, 0.0, 1.0, 0.0, 0.0, 0.0, 0.0, 0.0, 1.0],
                [1.0, 0.0, 0.0, 0.0, 0.0, 0.0, -1.0, 0.0, 0.0, 1.0, 0.0, 0.0, 0.0, 0.0, 0.0, 1.0],
                [1.0, 0.0, 0.0, 0.0, 0.0, 0.0, -1.0, 0.0, 0.0, 1.0, 0.0, 0.0, 0.0, 0.0, 0.0, 1.0],
                [1.0, 0.0, 0.0, 0.0, 0.0, 0.0, -1.0, 0.0, 0.0, 1.0, 0.0, 0.0, 0.0, 0.0, 0.0, 1.0],
                [1.0, 0.0, 0.0, 0.0, 0.0, 0.0, -1.0, 0.0, 0.0, 1.0, 0.0, 0.0, 0.0, 0.0, 0.0, 1.0],
                [1.0, 0.0, 0.0, 0.0, 0.0, 0.0, -1.0, 0.0, 0.0, 1.0, 0.0, 0.0, 0.0, 0.0, 0.0, 1.0],
                [1.0, 0.0, 0.0, 0.0, 0.0, 0.0, -1.0, 0.0, 0.0, 1.0, 0.0, 0.0, 0.0, 0.0, 0.0, 1.0],
                [1.0, 0.0, 0.0, 0.0, 0.0, 0.0, -1.0, 0.0, 0.0, 1.0, 0.0, 0.0, 0.0, 0.0, 0.0, 1.0],
                [1.0, 0.0, 0.0, 0.0, 0.0, 0.0, -1.0, 0.0, 0.0, 1.0, 0.0, 0.0, 0.0, 0.0, 0.0, 1.0],
                [1.0, 0.0, 0.0, 0.0, 0.0, 0.0, -1.0, 0.0, 0.0, 1.0, 0.0, 0.0, 0.0, 0.0, 0.0, 1.0],
                [1.0, 0.0, 0.0, 0.0, 0.0, 0.0, -1.0, 0.0, 0.0, 1.0, 0.0, 0.0, 0.0, 0.0, 0.0, 1.0],
                [1.0, 0.0, 0.0, 0.0, 0.0, 0.0, -1.0, 0.0, 0.0, 1.0, 0.0, 0.0, 0.0, 0.0, 0.0, 1.0],
                [1.0, 0.0, 0.0, 0.0, 0.0, 0.0, -1.0, 0.0, 0.0, 1.0, 0.0, 0.0, 0.0, 0.0, 0.0, 1.0],
                [1.0, 0.0, 0.0, 0.0, 0.0, 0.0, -1.0, 0.0, 0.0, 1.0, 0.0, 0.0, 0.0, 0.0, 0.0, 1.0],
                [1.0, 0.0, 0.0, 0.0, 0.0, 0.0, -1.0, 0.0, 0.0, 1.0, 0.0, 0.0, 0.0, 0.0, 0.0, 1.0],
                [1.0, 0.0, 0.0, 0.0, 0.0, 0.0, -1.0, 0.0, 0.0, 1.0, 0.0, 0.0, 0.0, 0.0, 0.0, 1.0],
                [1.0, 0.0, 0.0, 0.0, 0.0, 0.0, -1.0, 0.0, 0.0, 1.0, 0.0, 0.0, 0.0, 0.0, 0.0, 1.0],
                [1.0, 0.0, 0.0, 0.0, 0.0, 0.0, -1.0, 0.0, 0.0, 1.0, 0.0, 0.0, 0.0, 0.0, 0.0, 1.0],
                [1.0, 0.0, 0.0, 0.0, 0.0, 0.0, -1.0, 0.0, 0.0, 1.0, 0.0, 0.0, 0.0, 0.0, 0.0, 1.0],
                [1.0, 0.0, 0.0, 0.0, 0.0, 0.0, -1.0, 0.0, 0.0, 1.0, 0.0, 0.0, 0.0, 0.0, 0.0, 1.0],
                [1.0, 0.0, 0.0, 0.0, 0.0, 0.0, -1.0, 0.0, 0.0, 1.0, 0.0, 0.0, 0.0, 0.0, 0.0, 1.0],
                [1.0, 0.0, 0.0, 0.0, 0.0, 0.0, -1.0, 0.0, 0.0, 1.0, 0.0, 0.0, 0.0, 0.0, 0.0, 1.0],
                [1.0, 0.0, 0.0, 0.0, 0.0, 0.0, -1.0, 0.0, 0.0, 1.0, 0.0, 0.0, 0.0, 0.0, 0.0, 1.0],
                [1.0, 0.0, 0.0, 0.0, 0.0, 0.0, -1.0, 0.0, 0.0, 1.0, 0.0, 0.0, 0.0, 0.0, 0.0, 1.0],
                [1.0, 0.0, 0.0, 0.0, 0.0, 0.0, -1.0, 0.0, 0.0, 1.0, 0.0, 0.0, 0.0, 0.0, 0.0, 1.0],
                [1.0, 0.0, 0.0, 0.0, 0.0, 0.0, -1.0, 0.0, 0.0, 1.0, 0.0, 0.0, 0.0, 0.0, 0.0, 1.0]
            ]
        },
        {
            "name": "B_Calf_L_IK",
            "time": [0.0, 0.0167, 0.0333, 0.05, 0.0667, 0.0833, 0.1, 0.1167, 0.1333, 0.15, 0.1667, 0.1833, 0.2, 0.2167, 0.2333, 0.25, 0.2667, 0.2833, 0.3, 0.3167, 0.3333, 0.35, 0.3667, 0.3833, 0.4, 0.4167, 0.4333, 0.45, 0.4667, 0.4833, 0.5, 0.5167, 0.5333, 0.55, 0.5667, 0.5833, 0.6, 0.6167, 0.6333, 0.65, 0.6667, 0.6833, 0.7, 0.7167, 0.7333, 0.75, 0.7667, 0.7833, 0.8, 0.8167, 0.8333, 0.85, 0.8667, 0.8833, 0.9, 0.9167, 0.9333, 0.95, 0.9667, 0.9833, 1.0, 1.0167, 1.0333, 1.05, 1.0667, 1.0833, 1.1, 1.1167, 1.1333, 1.15, 1.1667, 1.1833, 1.2, 1.2167, 1.2333, 1.25, 1.2667, 1.2833, 1.3, 1.3167, 1.3333, 1.35, 1.3667, 1.3833, 1.4, 1.4167, 1.4333, 1.45, 1.4667, 1.4833, 1.5, 1.5167, 1.5333, 1.55, 1.5667, 1.5833, 1.6, 1.6167, 1.6333, 1.65, 1.6667, 1.6833, 1.7, 1.7167, 1.7333, 1.75, 1.7667, 1.7833, 1.8, 1.8167, 1.8333, 1.85, 1.8667, 1.8833, 1.9, 1.9167, 1.9333, 1.95, 1.9667, 1.9833, 2.0, 2.0167, 2.0333, 2.05, 2.0667, 2.0833, 2.1, 2.1167, 2.1333, 2.15, 2.1667, 2.1833, 2.2, 2.2167, 2.2333, 2.25, 2.2667, 2.2833, 2.3, 2.3167, 2.3333, 2.35, 2.3667, 2.3833, 2.4, 2.4167, 2.4333, 2.45, 2.4667, 2.4833, 2.5, 2.5167, 2.5333, 2.55, 2.5667, 2.5833, 2.6, 2.6167, 2.6333, 2.65, 2.6667, 2.6833, 2.7, 2.7167, 2.7333],
            "transform": [
                [-0.087941, 0.255042, 0.962923, -0.306701, -0.995555, -0.055202, -0.0763, 19.088503, 0.033696, -0.965353, 0.258764, 6.300809, 0.0, 0.0, 0.0, 1.0],
                [-0.085758, 0.256389, 0.962762, -0.308642, -0.995582, -0.05914, -0.072932, 19.087751, 0.038239, -0.964762, 0.260328, 6.300637, 0.0, 0.0, 0.0, 1.0],
                [-0.079454, 0.260269, 0.962261, -0.314246, -0.995515, -0.070445, -0.063146, 19.082497, 0.051352, -0.962963, 0.264699, 6.299437, 0.0, 0.0, 0.0, 1.0],
                [-0.0694, 0.266431, 0.961352, -0.323181, -0.994969, -0.088288, -0.047358, 19.068228, 0.072258, -0.959802, 0.271218, 6.296179, 0.0, 0.0, 0.0, 1.0],
                [-0.055962, 0.274615, 0.959924, -0.335114, -0.993397, -0.11176, -0.025941, 19.040438, 0.100158, -0.955037, 0.279056, 6.289835, 0.0, 0.0, 0.0, 1.0],
                [-0.039511, 0.284549, 0.957847, -0.349714, -0.990165, -0.139901, 0.000717, 18.994627, 0.134208, -0.948398, 0.287278, 6.279375, 0.0, 0.0, 0.0, 1.0],
                [-0.020419, 0.29595, 0.954985, -0.36665, -0.984622, -0.171715, 0.032162, 18.926283, 0.173504, -0.939642, 0.294905, 6.263771, 0.0, 0.0, 0.0, 1.0],
                [0.000935, 0.308531, 0.951214, -0.385588, -0.976155, -0.206199, 0.067842, 18.830902, 0.21707, -0.928596, 0.300982, 6.241994, 0.0, 0.0, 0.0, 1.0],
                [0.024168, 0.321998, 0.946432, -0.406198, -0.964257, -0.242367, 0.107082, 18.703972, 0.263864, -0.915191, 0.304631, 6.213016, 0.0, 0.0, 0.0, 1.0],
                [0.04889, 0.336055, 0.940573, -0.428148, -0.948563, -0.279285, 0.14909, 18.540993, 0.31279, -0.899481, 0.305115, 6.175807, 0.0, 0.0, 0.0, 1.0],
                [0.074707, 0.350413, 0.933611, -0.451105, -0.928896, -0.316093, 0.192969, 18.337456, 0.362727, -0.881644, 0.301883, 6.129338, 0.0, 0.0, 0.0, 1.0],
                [0.101222, 0.364789, 0.925572, -0.474739, -0.905288, -0.352036, 0.237749, 18.088852, 0.412562, -0.861974, 0.294606, 6.072581, 0.0, 0.0, 0.0, 1.0],
                [0.128038, 0.378922, 0.916528, -0.498717, -0.877991, -0.386474, 0.282435, 17.79068, 0.461236, -0.840866, 0.283206, 6.004508, 0.0, 0.0, 0.0, 1.0],
                [0.154762, 0.392567, 0.906609, -0.522708, -0.847473, -0.418902, 0.326055, 17.438427, 0.507778, -0.818787, 0.26786, 5.924088, 0.0, 0.0, 0.0, 1.0],
                [0.181005, 0.405513, 0.895989, -0.546379, -0.814399, -0.448939, 0.367706, 17.027594, 0.551354, -0.796249, 0.248989, 5.830294, 0.0, 0.0, 0.0, 1.0],
                [0.206384, 0.417576, 0.884893, -0.569399, -0.779605, -0.476328, 0.406604, 16.553665, 0.591288, -0.773784, 0.227238, 5.722096, 0.0, 0.0, 0.0, 1.0],
                [0.230528, 0.42861, 0.873585, -0.591436, -0.744055, -0.500917, 0.442114, 16.012138, 0.627087, -0.751915, 0.203434, 5.598466, 0.0, 0.0, 0.0, 1.0],
                [0.253078, 0.438503, 0.862361, -0.612158, -0.7088, -0.522634, 0.473767, 15.398513, 0.658448, -0.731142, 0.178544, 5.458375, 0.0, 0.0, 0.0, 1.0],
                [0.273684, 0.447177, 0.851546, -0.631234, -0.674939, -0.541468, 0.501268, 14.708272, 0.68524, -0.71193, 0.153626, 5.300794, 0.0, 0.0, 0.0, 1.0],
                [0.29201, 0.454582, 0.841478, -0.648331, -0.643575, -0.55744, 0.524473, 13.936915, 0.707489, -0.694705, 0.129779, 5.124694, 0.0, 0.0, 0.0, 1.0],
                [0.307727, 0.460691, 0.832507, -0.663118, -0.615787, -0.57058, 0.543365, 13.079938, 0.725335, -0.679855, 0.108105, 4.929046, 0.0, 0.0, 0.0, 1.0],
                [0.320513, 0.465491, 0.824978, -0.675264, -0.592604, -0.580904, 0.558006, 12.132828, 0.73898, -0.667734, 0.089664, 4.712822, 0.0, 0.0, 0.0, 1.0],
                [0.330051, 0.468969, 0.819228, -0.684435, -0.574991, -0.588398, 0.568482, 11.091079, 0.748633, -0.658677, 0.075452, 4.474993, 0.0, 0.0, 0.0, 1.0],
                [0.336017, 0.471099, 0.815573, -0.690301, -0.563839, -0.593, 0.574836, 9.950189, 0.754439, -0.653006, 0.066366, 4.21453, 0.0, 0.0, 0.0, 1.0],
                [0.338081, 0.471827, 0.814297, -0.69253, -0.559957, -0.594577, 0.576998, 8.705648, 0.756406, -0.651043, 0.063188, 3.930403, 0.0, 0.0, 0.0, 1.0],
                [0.307492, 0.417687, 0.854977, -0.619576, -0.692299, -0.518227, 0.502158, 4.732165, 0.652818, -0.746309, 0.129813, 3.305715, 0.0, 0.0, 0.0, 1.0],
                [0.235138, 0.30344, 0.923382, -0.484424, -0.88439, -0.327295, 0.332764, 1.06239, 0.403192, -0.894875, 0.1914, 2.476221, 0.0, 0.0, 0.0, 1.0],
                [0.148876, 0.204225, 0.967537, -0.390661, -0.969618, -0.16191, 0.183372, 0.576656, 0.194103, -0.965441, 0.173915, 1.980247, 0.0, 0.0, 0.0, 1.0],
                [0.068948, 0.142227, 0.98743, -0.346537, -0.993985, -0.074624, 0.080154, 0.397787, 0.085086, -0.987017, 0.136227, 1.797608, 0.0, 0.0, 0.0, 1.0],
                [0.01384, 0.1202, 0.992653, -0.335506, -0.998457, -0.051722, 0.020184, 0.371936, 0.053768, -0.991401, 0.119298, 1.768493, 0.0, 0.0, 0.0, 1.0],
                [-0.015929, 0.11855, 0.99282, -0.341747, -0.998587, -0.052239, -0.009784, 0.370964, 0.050704, -0.991573, 0.119214, 1.760218, 0.0, 0.0, 0.0, 1.0],
                [-0.03398, 0.117498, 0.992492, -0.356627, -0.998229, -0.052504, -0.027961, 0.369546, 0.048825, -0.991684, 0.119074, 1.74862, 0.0, 0.0, 0.0, 1.0],
                [-0.043246, 0.116944, 0.992197, -0.374386, -0.997918, -0.052626, -0.037293, 0.368062, 0.047854, -0.991743, 0.118976, 1.736664, 0.0, 0.0, 0.0, 1.0],
                [-0.046659, 0.116737, 0.992066, -0.389266, -0.997781, -0.052668, -0.04073, 0.366893, 0.047496, -0.991765, 0.118935, 1.727316, 0.0, 0.0, 0.0, 1.0],
                [-0.047146, 0.116707, 0.992047, -0.395506, -0.997761, -0.052674, -0.041221, 0.366419, 0.047444, -0.991768, 0.118929, 1.723541, 0.0, 0.0, 0.0, 1.0],
                [-0.047146, 0.116707, 0.992047, -0.395506, -0.997761, -0.052674, -0.041221, 0.366419, 0.047444, -0.991768, 0.118929, 1.723541, 0.0, 0.0, 0.0, 1.0],
                [-0.047146, 0.116707, 0.992047, -0.395506, -0.997761, -0.052674, -0.041221, 0.366419, 0.047444, -0.991768, 0.118929, 1.723541, 0.0, 0.0, 0.0, 1.0],
                [-0.047146, 0.116707, 0.992047, -0.395506, -0.997761, -0.052674, -0.041221, 0.366419, 0.047444, -0.991768, 0.118929, 1.723541, 0.0, 0.0, 0.0, 1.0],
                [-0.047146, 0.116707, 0.992047, -0.395506, -0.997761, -0.052674, -0.041221, 0.366419, 0.047444, -0.991768, 0.118929, 1.723541, 0.0, 0.0, 0.0, 1.0],
                [-0.047146, 0.116707, 0.992047, -0.395506, -0.997761, -0.052674, -0.041221, 0.366419, 0.047444, -0.991768, 0.118929, 1.723541, 0.0, 0.0, 0.0, 1.0],
                [-0.047146, 0.116707, 0.992047, -0.395506, -0.997761, -0.052674, -0.041221, 0.366419, 0.047444, -0.991768, 0.118929, 1.723541, 0.0, 0.0, 0.0, 1.0],
                [-0.047146, 0.116707, 0.992047, -0.395506, -0.997761, -0.052674, -0.041221, 0.366419, 0.047444, -0.991768, 0.118929, 1.723541, 0.0, 0.0, 0.0, 1.0],
                [-0.047146, 0.116707, 0.992047, -0.395506, -0.997761, -0.052674, -0.041221, 0.366419, 0.047444, -0.991768, 0.118929, 1.723541, 0.0, 0.0, 0.0, 1.0],
                [-0.047146, 0.116707, 0.992047, -0.395506, -0.997761, -0.052674, -0.041221, 0.366419, 0.047444, -0.991768, 0.118929, 1.723541, 0.0, 0.0, 0.0, 1.0],
                [-0.047146, 0.116707, 0.992047, -0.395506, -0.997761, -0.052674, -0.041221, 0.366419, 0.047444, -0.991768, 0.118929, 1.723541, 0.0, 0.0, 0.0, 1.0],
                [-0.047146, 0.116707, 0.992047, -0.395506, -0.997761, -0.052674, -0.041221, 0.366419, 0.047444, -0.991768, 0.118929, 1.723541, 0.0, 0.0, 0.0, 1.0],
                [-0.047146, 0.116707, 0.992047, -0.395506, -0.997761, -0.052674, -0.041221, 0.366419, 0.047444, -0.991768, 0.118929, 1.723541, 0.0, 0.0, 0.0, 1.0],
                [-0.047146, 0.116707, 0.992047, -0.395506, -0.997761, -0.052674, -0.041221, 0.366419, 0.047444, -0.991768, 0.118929, 1.723541, 0.0, 0.0, 0.0, 1.0],
                [-0.047146, 0.116707, 0.992047, -0.395506, -0.997761, -0.052674, -0.041221, 0.366419, 0.047444, -0.991768, 0.118929, 1.723541, 0.0, 0.0, 0.0, 1.0],
                [-0.047146, 0.116707, 0.992047, -0.395506, -0.997761, -0.052674, -0.041221, 0.366419, 0.047444, -0.991768, 0.118929, 1.723541, 0.0, 0.0, 0.0, 1.0],
                [-0.047146, 0.116707, 0.992047, -0.395506, -0.997761, -0.052674, -0.041221, 0.366419, 0.047444, -0.991768, 0.118929, 1.723541, 0.0, 0.0, 0.0, 1.0],
                [-0.047146, 0.116707, 0.992047, -0.395506, -0.997761, -0.052674, -0.041221, 0.366419, 0.047444, -0.991768, 0.118929, 1.723541, 0.0, 0.0, 0.0, 1.0],
                [-0.047146, 0.116707, 0.992047, -0.395506, -0.997761, -0.052674, -0.041221, 0.366419, 0.047444, -0.991768, 0.118929, 1.723541, 0.0, 0.0, 0.0, 1.0],
                [-0.047146, 0.116707, 0.992047, -0.395506, -0.997761, -0.052674, -0.041221, 0.366419, 0.047444, -0.991768, 0.118929, 1.723541, 0.0, 0.0, 0.0, 1.0],
                [-0.047146, 0.116707, 0.992047, -0.395506, -0.997761, -0.052674, -0.041221, 0.366419, 0.047444, -0.991768, 0.118929, 1.723541, 0.0, 0.0, 0.0, 1.0],
                [-0.047146, 0.116707, 0.992047, -0.395506, -0.997761, -0.052674, -0.041221, 0.366419, 0.047444, -0.991768, 0.118929, 1.723541, 0.0, 0.0, 0.0, 1.0],
                [-0.047146, 0.116707, 0.992047, -0.395506, -0.997761, -0.052674, -0.041221, 0.366419, 0.047444, -0.991768, 0.118929, 1.723541, 0.0, 0.0, 0.0, 1.0],
                [-0.047146, 0.116707, 0.992047, -0.395506, -0.997761, -0.052674, -0.041221, 0.366419, 0.047444, -0.991768, 0.118929, 1.723541, 0.0, 0.0, 0.0, 1.0],
                [-0.047146, 0.116707, 0.992047, -0.395506, -0.997761, -0.052674, -0.041221, 0.366419, 0.047444, -0.991768, 0.118929, 1.723541, 0.0, 0.0, 0.0, 1.0],
                [-0.047146, 0.116707, 0.992047, -0.395506, -0.997761, -0.052674, -0.041221, 0.366419, 0.047444, -0.991768, 0.118929, 1.723541, 0.0, 0.0, 0.0, 1.0],
                [-0.047146, 0.116707, 0.992047, -0.395506, -0.997761, -0.052674, -0.041221, 0.366419, 0.047444, -0.991768, 0.118929, 1.723541, 0.0, 0.0, 0.0, 1.0],
                [-0.047146, 0.116707, 0.992047, -0.395506, -0.997761, -0.052674, -0.041221, 0.366419, 0.047444, -0.991768, 0.118929, 1.723541, 0.0, 0.0, 0.0, 1.0],
                [-0.047146, 0.116707, 0.992047, -0.395506, -0.997761, -0.052674, -0.041221, 0.366419, 0.047444, -0.991768, 0.118929, 1.723541, 0.0, 0.0, 0.0, 1.0],
                [-0.047146, 0.116707, 0.992047, -0.395506, -0.997761, -0.052674, -0.041221, 0.366419, 0.047444, -0.991768, 0.118929, 1.723541, 0.0, 0.0, 0.0, 1.0],
                [-0.047146, 0.116707, 0.992047, -0.395506, -0.997761, -0.052674, -0.041221, 0.366419, 0.047444, -0.991768, 0.118929, 1.723541, 0.0, 0.0, 0.0, 1.0],
                [-0.047146, 0.116707, 0.992047, -0.395506, -0.997761, -0.052674, -0.041221, 0.366419, 0.047444, -0.991768, 0.118929, 1.723541, 0.0, 0.0, 0.0, 1.0],
                [-0.047146, 0.116707, 0.992047, -0.395506, -0.997761, -0.052674, -0.041221, 0.366419, 0.047444, -0.991768, 0.118929, 1.723541, 0.0, 0.0, 0.0, 1.0],
                [-0.047146, 0.116707, 0.992047, -0.395506, -0.997761, -0.052674, -0.041221, 0.366419, 0.047444, -0.991768, 0.118929, 1.723541, 0.0, 0.0, 0.0, 1.0],
                [-0.047146, 0.116707, 0.992047, -0.395506, -0.997761, -0.052674, -0.041221, 0.366419, 0.047444, -0.991768, 0.118929, 1.723541, 0.0, 0.0, 0.0, 1.0],
                [-0.047146, 0.116707, 0.992047, -0.395506, -0.997761, -0.052674, -0.041221, 0.366419, 0.047444, -0.991768, 0.118929, 1.723541, 0.0, 0.0, 0.0, 1.0],
                [-0.047146, 0.116707, 0.992047, -0.395506, -0.997761, -0.052674, -0.041221, 0.366419, 0.047444, -0.991768, 0.118929, 1.723541, 0.0, 0.0, 0.0, 1.0],
                [-0.047146, 0.116707, 0.992047, -0.395506, -0.997761, -0.052674, -0.041221, 0.366419, 0.047444, -0.991768, 0.118929, 1.723541, 0.0, 0.0, 0.0, 1.0],
                [-0.047146, 0.116707, 0.992047, -0.395506, -0.997761, -0.052674, -0.041221, 0.366419, 0.047444, -0.991768, 0.118929, 1.723541, 0.0, 0.0, 0.0, 1.0],
                [-0.047146, 0.116707, 0.992047, -0.395506, -0.997761, -0.052674, -0.041221, 0.366419, 0.047444, -0.991768, 0.118929, 1.723541, 0.0, 0.0, 0.0, 1.0],
                [-0.047146, 0.116707, 0.992047, -0.395506, -0.997761, -0.052674, -0.041221, 0.366419, 0.047444, -0.991768, 0.118929, 1.723541, 0.0, 0.0, 0.0, 1.0],
                [-0.047146, 0.116707, 0.992047, -0.395506, -0.997761, -0.052674, -0.041221, 0.366419, 0.047444, -0.991768, 0.118929, 1.723541, 0.0, 0.0, 0.0, 1.0],
                [-0.047146, 0.116707, 0.992047, -0.395506, -0.997761, -0.052674, -0.041221, 0.366419, 0.047444, -0.991768, 0.118929, 1.723541, 0.0, 0.0, 0.0, 1.0],
                [-0.047146, 0.116707, 0.992047, -0.395506, -0.997761, -0.052674, -0.041221, 0.366419, 0.047444, -0.991768, 0.118929, 1.723541, 0.0, 0.0, 0.0, 1.0],
                [-0.047146, 0.116707, 0.992047, -0.395506, -0.997761, -0.052674, -0.041221, 0.366419, 0.047444, -0.991768, 0.118929, 1.723541, 0.0, 0.0, 0.0, 1.0],
                [-0.047146, 0.116707, 0.992047, -0.395506, -0.997761, -0.052674, -0.041221, 0.366419, 0.047444, -0.991768, 0.118929, 1.723541, 0.0, 0.0, 0.0, 1.0],
                [-0.047146, 0.116707, 0.992047, -0.395506, -0.997761, -0.052674, -0.041221, 0.366419, 0.047444, -0.991768, 0.118929, 1.723541, 0.0, 0.0, 0.0, 1.0],
                [-0.047146, 0.116707, 0.992047, -0.395506, -0.997761, -0.052674, -0.041221, 0.366419, 0.047444, -0.991768, 0.118929, 1.723541, 0.0, 0.0, 0.0, 1.0],
                [-0.047146, 0.116707, 0.992047, -0.395506, -0.997761, -0.052674, -0.041221, 0.366419, 0.047444, -0.991768, 0.118929, 1.723541, 0.0, 0.0, 0.0, 1.0],
                [-0.047146, 0.116707, 0.992047, -0.395506, -0.997761, -0.052674, -0.041221, 0.366419, 0.047444, -0.991768, 0.118929, 1.723541, 0.0, 0.0, 0.0, 1.0],
                [-0.047146, 0.116707, 0.992047, -0.395506, -0.997761, -0.052674, -0.041221, 0.366419, 0.047444, -0.991768, 0.118929, 1.723541, 0.0, 0.0, 0.0, 1.0],
                [-0.047146, 0.116707, 0.992047, -0.395506, -0.997761, -0.052674, -0.041221, 0.366419, 0.047444, -0.991768, 0.118929, 1.723541, 0.0, 0.0, 0.0, 1.0],
                [-0.047146, 0.116707, 0.992047, -0.395506, -0.997761, -0.052674, -0.041221, 0.366419, 0.047444, -0.991768, 0.118929, 1.723541, 0.0, 0.0, 0.0, 1.0],
                [-0.047146, 0.116707, 0.992047, -0.395506, -0.997761, -0.052674, -0.041221, 0.366419, 0.047444, -0.991768, 0.118929, 1.723541, 0.0, 0.0, 0.0, 1.0],
                [-0.047146, 0.116707, 0.992047, -0.395506, -0.997761, -0.052674, -0.041221, 0.366419, 0.047444, -0.991768, 0.118929, 1.723541, 0.0, 0.0, 0.0, 1.0],
                [-0.047146, 0.116707, 0.992047, -0.395506, -0.997761, -0.052674, -0.041221, 0.366419, 0.047444, -0.991768, 0.118929, 1.723541, 0.0, 0.0, 0.0, 1.0],
                [-0.047146, 0.116707, 0.992047, -0.395506, -0.997761, -0.052674, -0.041221, 0.366419, 0.047444, -0.991768, 0.118929, 1.723541, 0.0, 0.0, 0.0, 1.0],
                [-0.047146, 0.116707, 0.992047, -0.395506, -0.997761, -0.052674, -0.041221, 0.366419, 0.047444, -0.991768, 0.118929, 1.723541, 0.0, 0.0, 0.0, 1.0],
                [-0.047146, 0.116707, 0.992047, -0.395506, -0.997761, -0.052674, -0.041221, 0.366419, 0.047444, -0.991768, 0.118929, 1.723541, 0.0, 0.0, 0.0, 1.0],
                [-0.047146, 0.116707, 0.992047, -0.395506, -0.997761, -0.052674, -0.041221, 0.366419, 0.047444, -0.991768, 0.118929, 1.723541, 0.0, 0.0, 0.0, 1.0],
                [-0.047146, 0.116707, 0.992047, -0.395506, -0.997761, -0.052674, -0.041221, 0.366419, 0.047444, -0.991768, 0.118929, 1.723541, 0.0, 0.0, 0.0, 1.0],
                [-0.054218, 0.116295, 0.991734, -0.395571, -0.993054, -0.110145, -0.041374, 0.376686, 0.104423, -0.987088, 0.121459, 1.690394, 0.0, 0.0, 0.0, 1.0],
                [-0.067342, 0.113677, 0.991233, -0.396032, -0.974865, -0.218968, -0.041118, 0.39842, 0.212374, -0.969087, 0.125565, 1.611713, 0.0, 0.0, 0.0, 1.0],
                [-0.074402, 0.106818, 0.991491, -0.397293, -0.957376, -0.285913, -0.04104, 0.418022, 0.279096, -0.952283, 0.123537, 1.518643, 0.0, 0.0, 0.0, 1.0],
                [-0.072072, 0.092332, 0.993117, -0.40276, -0.953119, -0.299765, -0.0413, 0.430121, 0.293888, -0.949534, 0.109608, 1.436761, 0.0, 0.0, 0.0, 1.0],
                [-0.066062, 0.069545, 0.995389, -0.414642, -0.950207, -0.308846, -0.041486, 0.438792, 0.304536, -0.948566, 0.086485, 1.36937, 0.0, 0.0, 0.0, 1.0],
                [-0.057842, 0.040526, 0.997503, -0.431546, -0.948408, -0.314226, -0.042229, 0.444607, 0.31173, -0.948482, 0.056611, 1.314209, 0.0, 0.0, 0.0, 1.0],
                [-0.048881, 0.007391, 0.998777, -0.452079, -0.947452, -0.316855, -0.044025, 0.448136, 0.316142, -0.948445, 0.022491, 1.269015, 0.0, 0.0, 0.0, 1.0],
                [-0.040654, -0.027697, 0.998789, -0.474849, -0.947069, -0.317519, -0.047353, 0.449952, 0.318446, -0.947847, -0.013322, 1.231525, 0.0, 0.0, 0.0, 1.0],
                [-0.034635, -0.062546, 0.997441, -0.498463, -0.947013, -0.316835, -0.052751, 0.450624, 0.319324, -0.946416, -0.048258, 1.199478, 0.0, 0.0, 0.0, 1.0],
                [-0.032301, -0.094971, 0.994956, -0.521529, -0.947048, -0.315276, -0.060839, 0.450724, 0.319463, -0.944236, -0.079758, 1.170611, 0.0, 0.0, 0.0, 1.0],
                [-0.032464, -0.123267, 0.991842, -0.542919, -0.950133, -0.304137, -0.068898, 0.448938, 0.310149, -0.944619, -0.107246, 1.1431, 0.0, 0.0, 0.0, 1.0],
                [-0.032909, -0.147541, 0.988508, -0.562556, -0.958046, -0.277097, -0.073253, 0.443978, 0.28472, -0.949447, -0.132232, 1.116885, 0.0, 0.0, 0.0, 1.0],
                [-0.033563, -0.168346, 0.985156, -0.58063, -0.968464, -0.238015, -0.073667, 0.436464, 0.246884, -0.956561, -0.155048, 1.092341, 0.0, 0.0, 0.0, 1.0],
                [-0.034357, -0.186235, 0.981904, -0.597328, -0.979104, -0.190769, -0.070442, 0.427012, 0.200435, -0.963807, -0.17579, 1.069845, 0.0, 0.0, 0.0, 1.0],
                [-0.035221, -0.201758, 0.978802, -0.612838, -0.988153, -0.139361, -0.064284, 0.416239, 0.149377, -0.96947, -0.19446, 1.049776, 0.0, 0.0, 0.0, 1.0],
                [-0.036084, -0.215458, 0.975846, -0.627348, -0.99454, -0.087937, -0.056191, 0.404763, 0.09792, -0.972545, -0.211109, 1.03251, 0.0, 0.0, 0.0, 1.0],
                [-0.036877, -0.227872, 0.972993, -0.641046, -0.998048, -0.040709, -0.04736, 0.393201, 0.050402, -0.97284, -0.225926, 1.018424, 0.0, 0.0, 0.0, 1.0],
                [-0.037529, -0.239531, 0.970163, -0.654121, -0.999233, -0.001867, -0.039114, 0.382169, 0.01118, -0.970887, -0.239277, 1.007896, 0.0, 0.0, 0.0, 1.0],
                [-0.037971, -0.250962, 0.967252, -0.66676, -0.999159, 0.024497, -0.032868, 0.372286, -0.015447, -0.967687, -0.251681, 1.001302, 0.0, 0.0, 0.0, 1.0],
                [-0.038134, -0.262684, 0.964128, -0.67915, -0.998953, 0.034405, -0.030138, 0.364169, -0.025254, -0.964268, -0.263721, 0.999021, 0.0, 0.0, 0.0, 1.0],
                [-0.034194, -0.274945, 0.960852, -0.69129, -0.999159, 0.031174, -0.026637, 0.358266, -0.02263, -0.960954, -0.275779, 1.00109, 0.0, 0.0, 0.0, 1.0],
                [-0.024795, -0.286747, 0.957685, -0.702407, -0.999559, 0.022796, -0.019054, 0.354355, -0.016368, -0.957735, -0.287185, 1.006024, 0.0, 0.0, 0.0, 1.0],
                [-0.013575, -0.296753, 0.954858, -0.711539, -0.999868, 0.012517, -0.010325, 0.352046, -0.008888, -0.954872, -0.296884, 1.011914, 0.0, 0.0, 0.0, 1.0],
                [-0.004173, -0.303671, 0.952768, -0.717724, -0.999988, 0.003761, -0.003181, 0.350946, -0.002617, -0.952769, -0.303683, 1.016848, 0.0, 0.0, 0.0, 1.0],
                [-0.00023, -0.306253, 0.95195, -0.72, -1.0, 5.8e-05, -0.000223, 0.350667, 1.3e-05, -0.95195, -0.306253, 1.018917, 0.0, 0.0, 0.0, 1.0],
                [-0.00023, -0.306253, 0.95195, -0.72, -1.0, 5.8e-05, -0.000223, 0.350667, 1.3e-05, -0.95195, -0.306253, 1.018917, 0.0, 0.0, 0.0, 1.0],
                [-0.00023, -0.306253, 0.95195, -0.72, -1.0, 5.8e-05, -0.000223, 0.350667, 1.3e-05, -0.95195, -0.306253, 1.018917, 0.0, 0.0, 0.0, 1.0],
                [-0.00023, -0.306253, 0.95195, -0.72, -1.0, 5.8e-05, -0.000223, 0.350667, 1.3e-05, -0.95195, -0.306253, 1.018917, 0.0, 0.0, 0.0, 1.0],
                [-0.00023, -0.306253, 0.95195, -0.72, -1.0, 5.8e-05, -0.000223, 0.350667, 1.3e-05, -0.95195, -0.306253, 1.018917, 0.0, 0.0, 0.0, 1.0],
                [-0.00023, -0.306253, 0.95195, -0.72, -1.0, 5.8e-05, -0.000223, 0.350667, 1.3e-05, -0.95195, -0.306253, 1.018917, 0.0, 0.0, 0.0, 1.0],
                [-0.00023, -0.306253, 0.95195, -0.72, -1.0, 5.8e-05, -0.000223, 0.350667, 1.3e-05, -0.95195, -0.306253, 1.018917, 0.0, 0.0, 0.0, 1.0],
                [-0.00023, -0.306253, 0.95195, -0.72, -1.0, 5.8e-05, -0.000223, 0.350667, 1.3e-05, -0.95195, -0.306253, 1.018917, 0.0, 0.0, 0.0, 1.0],
                [-0.00023, -0.306253, 0.95195, -0.72, -1.0, 5.8e-05, -0.000223, 0.350667, 1.3e-05, -0.95195, -0.306253, 1.018917, 0.0, 0.0, 0.0, 1.0],
                [-0.00023, -0.306253, 0.95195, -0.72, -1.0, 5.8e-05, -0.000223, 0.350667, 1.3e-05, -0.95195, -0.306253, 1.018917, 0.0, 0.0, 0.0, 1.0],
