{
    "animation": [
        {
            "name": "Root",
            "time": [0.0, 0.0167, 0.0333, 0.05, 0.0667, 0.0833, 0.1, 0.1167, 0.1333, 0.15, 0.1667, 0.1833, 0.2, 0.2167, 0.2333, 0.25, 0.2667, 0.2833, 0.3, 0.3167, 0.3333, 0.35, 0.3667, 0.3833, 0.4, 0.4167, 0.4333, 0.45, 0.4667, 0.4833, 0.5, 0.5167, 0.5333, 0.55, 0.5667, 0.5833, 0.6, 0.6167, 0.6333, 0.65, 0.6667, 0.6833, 0.7, 0.7167, 0.7333, 0.75, 0.7667, 0.7833, 0.8, 0.8167, 0.8333, 0.85, 0.8667, 0.8833, 0.9, 0.9167, 0.9333, 0.95, 0.9667, 0.9833, 1.0, 1.0167, 1.0333, 1.05, 1.0667, 1.0833, 1.1, 1.1167, 1.1333, 1.15, 1.1667],
            "transform": [
                [1.0, 0.0, 0.0, -0.005502, 0.0, 0.0, -1.0, 0.001758, 0.0, 1.0, 0.0, 0.000704, 0.0, 0.0, 0.0, 1.0],
                [1.0, 0.0, 0.0, -0.005502, 0.0, 0.0, -1.0, -0.002029, 0.0, 1.0, 0.0, 0.000704, 0.0, 0.0, 0.0, 1.0],
                [1.0, 0.0, 0.0, -0.005502, 0.0, 0.0, -1.0, -0.007274, 0.0, 1.0, 0.0, 0.000704, 0.0, 0.0, 0.0, 1.0],
                [1.0, 0.0, 0.0, -0.005502, 0.0, 0.0, -1.0, -0.012791, 0.0, 1.0, 0.0, 0.000704, 0.0, 0.0, 0.0, 1.0],
                [1.0, 0.0, 0.0, -0.005502, 0.0, 0.0, -1.0, -0.022013, 0.0, 1.0, 0.0, 0.000704, 0.0, 0.0, 0.0, 1.0],
                [1.0, 0.0, 0.0, -0.005502, 0.0, 0.0, -1.0, -0.032691, 0.0, 1.0, 0.0, 0.000704, 0.0, 0.0, 0.0, 1.0],
                [1.0, 0.0, 0.0, -0.005502, 0.0, 0.0, -1.0, -0.042578, 0.0, 1.0, 0.0, 0.000704, 0.0, 0.0, 0.0, 1.0],
                [1.0, 0.0, 0.0, -0.005502, 0.0, 0.0, -1.0, -0.049425, 0.0, 1.0, 0.0, 0.000704, 0.0, 0.0, 0.0, 1.0],
                [1.0, 0.0, 0.0, -0.005269, 0.0, 0.0, -1.0, -0.053954, 0.0, 1.0, 0.0, 0.000704, 0.0, 0.0, 0.0, 1.0],
                [1.0, 0.0, 0.0, -0.004631, 0.0, 0.0, -1.0, -0.058476, 0.0, 1.0, 0.0, 0.000704, 0.0, 0.0, 0.0, 1.0],
                [1.0, 0.0, 0.0, -0.003677, 0.0, 0.0, -1.0, -0.06313, 0.0, 1.0, 0.0, 0.000704, 0.0, 0.0, 0.0, 1.0],
                [1.0, 0.0, 0.0, -0.002497, 0.0, 0.0, -1.0, -0.068053, 0.0, 1.0, 0.0, 0.000704, 0.0, 0.0, 0.0, 1.0],
                [1.0, 0.0, 0.0, -0.001182, 0.0, 0.0, -1.0, -0.073384, 0.0, 1.0, 0.0, 0.000704, 0.0, 0.0, 0.0, 1.0],
                [1.0, 0.0, 0.0, 0.000178, 0.0, 0.0, -1.0, -0.079262, 0.0, 1.0, 0.0, 0.000704, 0.0, 0.0, 0.0, 1.0],
                [1.0, 0.0, 0.0, 0.001492, 0.0, 0.0, -1.0, -0.085824, 0.0, 1.0, 0.0, 0.000704, 0.0, 0.0, 0.0, 1.0],
                [1.0, 0.0, 0.0, 0.002672, 0.0, 0.0, -1.0, -0.093209, 0.0, 1.0, 0.0, 0.000704, 0.0, 0.0, 0.0, 1.0],
                [1.0, 0.0, 0.0, 0.003626, 0.0, 0.0, -1.0, -0.101555, 0.0, 1.0, 0.0, 0.000704, 0.0, 0.0, 0.0, 1.0],
                [1.0, 0.0, 0.0, 0.004265, 0.0, 0.0, -1.0, -0.111001, 0.0, 1.0, 0.0, 0.000704, 0.0, 0.0, 0.0, 1.0],
                [1.0, 0.0, 0.0, 0.004498, 0.0, 0.0, -1.0, -0.121684, 0.0, 1.0, 0.0, 0.000704, 0.0, 0.0, 0.0, 1.0],
                [1.0, 0.0, 0.0, 0.00432, 0.0, 0.0, -1.0, -0.136693, 0.0, 1.0, 0.0, 0.000704, 0.0, 0.0, 0.0, 1.0],
                [1.0, 0.0, 0.0, 0.003821, 0.0, 0.0, -1.0, -0.15793, 0.0, 1.0, 0.0, 0.000704, 0.0, 0.0, 0.0, 1.0],
                [1.0, 0.0, 0.0, 0.003054, 0.0, 0.0, -1.0, -0.183754, 0.0, 1.0, 0.0, 0.000704, 0.0, 0.0, 0.0, 1.0],
                [1.0, 0.0, 0.0, 0.002069, 0.0, 0.0, -1.0, -0.212529, 0.0, 1.0, 0.0, 0.000704, 0.0, 0.0, 0.0, 1.0],
                [1.0, 0.0, 0.0, 0.000919, 0.0, 0.0, -1.0, -0.242613, 0.0, 1.0, 0.0, 0.000704, 0.0, 0.0, 0.0, 1.0],
                [1.0, 0.0, 0.0, -0.000345, 0.0, 0.0, -1.0, -0.272369, 0.0, 1.0, 0.0, 0.000704, 0.0, 0.0, 0.0, 1.0],
                [1.0, 0.0, 0.0, -0.001671, 0.0, 0.0, -1.0, -0.300157, 0.0, 1.0, 0.0, 0.000704, 0.0, 0.0, 0.0, 1.0],
                [1.0, 0.0, 0.0, -0.003007, 0.0, 0.0, -1.0, -0.324338, 0.0, 1.0, 0.0, 0.000704, 0.0, 0.0, 0.0, 1.0],
                [1.0, 0.0, 0.0, -0.004302, 0.0, 0.0, -1.0, -0.343273, 0.0, 1.0, 0.0, 0.000704, 0.0, 0.0, 0.0, 1.0],
                [1.0, 0.0, 0.0, -0.005502, 0.0, 0.0, -1.0, -0.355322, 0.0, 1.0, 0.0, 0.000704, 0.0, 0.0, 0.0, 1.0],
                [1.0, 0.0, 0.0, -0.006586, 0.0, 0.0, -1.0, -0.362302, 0.0, 1.0, 0.0, 0.000704, 0.0, 0.0, 0.0, 1.0],
                [1.0, 0.0, 0.0, -0.007566, 0.0, 0.0, -1.0, -0.367236, 0.0, 1.0, 0.0, 0.000704, 0.0, 0.0, 0.0, 1.0],
                [1.0, 0.0, 0.0, -0.008449, 0.0, 0.0, -1.0, -0.3703, 0.0, 1.0, 0.0, 0.000704, 0.0, 0.0, 0.0, 1.0],
                [1.0, 0.0, 0.0, -0.009238, 0.0, 0.0, -1.0, -0.371668, 0.0, 1.0, 0.0, 0.000704, 0.0, 0.0, 0.0, 1.0],
                [1.0, 0.0, 0.0, -0.00994, 0.0, 0.0, -1.0, -0.371515, 0.0, 1.0, 0.0, 0.000704, 0.0, 0.0, 0.0, 1.0],
                [1.0, 0.0, 0.0, -0.01056, 0.0, 0.0, -1.0, -0.370017, 0.0, 1.0, 0.0, 0.000704, 0.0, 0.0, 0.0, 1.0],
                [1.0, 0.0, 0.0, -0.011102, 0.0, 0.0, -1.0, -0.367347, 0.0, 1.0, 0.0, 0.000704, 0.0, 0.0, 0.0, 1.0],
                [1.0, 0.0, 0.0, -0.011572, 0.0, 0.0, -1.0, -0.363682, 0.0, 1.0, 0.0, 0.000704, 0.0, 0.0, 0.0, 1.0],
                [1.0, 0.0, 0.0, -0.011975, 0.0, 0.0, -1.0, -0.359195, 0.0, 1.0, 0.0, 0.000704, 0.0, 0.0, 0.0, 1.0],
                [1.0, 0.0, 0.0, -0.012316, 0.0, 0.0, -1.0, -0.354062, 0.0, 1.0, 0.0, 0.000704, 0.0, 0.0, 0.0, 1.0],
                [1.0, 0.0, 0.0, -0.0126, 0.0, 0.0, -1.0, -0.348458, 0.0, 1.0, 0.0, 0.000704, 0.0, 0.0, 0.0, 1.0],
                [1.0, 0.0, 0.0, -0.012833, 0.0, 0.0, -1.0, -0.342557, 0.0, 1.0, 0.0, 0.000704, 0.0, 0.0, 0.0, 1.0],
                [1.0, 0.0, 0.0, -0.013019, 0.0, 0.0, -1.0, -0.336535, 0.0, 1.0, 0.0, 0.000704, 0.0, 0.0, 0.0, 1.0],
                [1.0, 0.0, 0.0, -0.013165, 0.0, 0.0, -1.0, -0.330566, 0.0, 1.0, 0.0, 0.000704, 0.0, 0.0, 0.0, 1.0],
                [1.0, 0.0, 0.0, -0.013274, 0.0, 0.0, -1.0, -0.324826, 0.0, 1.0, 0.0, 0.000704, 0.0, 0.0, 0.0, 1.0],
                [1.0, 0.0, 0.0, -0.013352, 0.0, 0.0, -1.0, -0.319488, 0.0, 1.0, 0.0, 0.000704, 0.0, 0.0, 0.0, 1.0],
                [1.0, 0.0, 0.0, -0.013404, 0.0, 0.0, -1.0, -0.314729, 0.0, 1.0, 0.0, 0.000704, 0.0, 0.0, 0.0, 1.0],
                [1.0, 0.0, 0.0, -0.013436, 0.0, 0.0, -1.0, -0.310724, 0.0, 1.0, 0.0, 0.000704, 0.0, 0.0, 0.0, 1.0],
                [1.0, 0.0, 0.0, -0.013452, 0.0, 0.0, -1.0, -0.307646, 0.0, 1.0, 0.0, 0.000704, 0.0, 0.0, 0.0, 1.0],
                [1.0, 0.0, 0.0, -0.013458, 0.0, 0.0, -1.0, -0.305671, 0.0, 1.0, 0.0, 0.000704, 0.0, 0.0, 0.0, 1.0],
                [1.0, 0.0, 0.0, -0.013459, 0.0, 0.0, -1.0, -0.304973, 0.0, 1.0, 0.0, 0.000704, 0.0, 0.0, 0.0, 1.0],
                [1.0, 0.0, 0.0, -0.013407, 0.0, 0.0, -1.0, -0.304995, 0.0, 1.0, 0.0, 0.000704, 0.0, 0.0, 0.0, 1.0],
                [1.0, 0.0, 0.0, -0.013256, 0.0, 0.0, -1.0, -0.305057, 0.0, 1.0, 0.0, 0.000704, 0.0, 0.0, 0.0, 1.0],
                [1.0, 0.0, 0.0, -0.013018, 0.0, 0.0, -1.0, -0.305154, 0.0, 1.0, 0.0, 0.000704, 0.0, 0.0, 0.0, 1.0],
                [1.0, 0.0, 0.0, -0.012703, 0.0, 0.0, -1.0, -0.305284, 0.0, 1.0, 0.0, 0.000704, 0.0, 0.0, 0.0, 1.0],
                [1.0, 0.0, 0.0, -0.012321, 0.0, 0.0, -1.0, -0.305441, 0.0, 1.0, 0.0, 0.000704, 0.0, 0.0, 0.0, 1.0],
                [1.0, 0.0, 0.0, -0.011882, 0.0, 0.0, -1.0, -0.305621, 0.0, 1.0, 0.0, 0.000704, 0.0, 0.0, 0.0, 1.0],
                [1.0, 0.0, 0.0, -0.011396, 0.0, 0.0, -1.0, -0.305821, 0.0, 1.0, 0.0, 0.000704, 0.0, 0.0, 0.0, 1.0],
                [1.0, 0.0, 0.0, -0.010875, 0.0, 0.0, -1.0, -0.306035, 0.0, 1.0, 0.0, 0.000704, 0.0, 0.0, 0.0, 1.0],
                [1.0, 0.0, 0.0, -0.010327, 0.0, 0.0, -1.0, -0.30626, 0.0, 1.0, 0.0, 0.000704, 0.0, 0.0, 0.0, 1.0],
                [1.0, 0.0, 0.0, -0.009765, 0.0, 0.0, -1.0, -0.306491, 0.0, 1.0, 0.0, 0.000704, 0.0, 0.0, 0.0, 1.0],
                [1.0, 0.0, 0.0, -0.009197, 0.0, 0.0, -1.0, -0.306724, 0.0, 1.0, 0.0, 0.000704, 0.0, 0.0, 0.0, 1.0],
                [1.0, 0.0, 0.0, -0.008634, 0.0, 0.0, -1.0, -0.306955, 0.0, 1.0, 0.0, 0.000704, 0.0, 0.0, 0.0, 1.0],
                [1.0, 0.0, 0.0, -0.008087, 0.0, 0.0, -1.0, -0.30718, 0.0, 1.0, 0.0, 0.000704, 0.0, 0.0, 0.0, 1.0],
                [1.0, 0.0, 0.0, -0.007565, 0.0, 0.0, -1.0, -0.307394, 0.0, 1.0, 0.0, 0.000704, 0.0, 0.0, 0.0, 1.0],
                [1.0, 0.0, 0.0, -0.00708, 0.0, 0.0, -1.0, -0.307594, 0.0, 1.0, 0.0, 0.000704, 0.0, 0.0, 0.0, 1.0],
                [1.0, 0.0, 0.0, -0.006641, 0.0, 0.0, -1.0, -0.307774, 0.0, 1.0, 0.0, 0.000704, 0.0, 0.0, 0.0, 1.0],
                [1.0, 0.0, 0.0, -0.006258, 0.0, 0.0, -1.0, -0.307931, 0.0, 1.0, 0.0, 0.000704, 0.0, 0.0, 0.0, 1.0],
                [1.0, 0.0, 0.0, -0.005943, 0.0, 0.0, -1.0, -0.30806, 0.0, 1.0, 0.0, 0.000704, 0.0, 0.0, 0.0, 1.0],
                [1.0, 0.0, 0.0, -0.005705, 0.0, 0.0, -1.0, -0.308158, 0.0, 1.0, 0.0, 0.000704, 0.0, 0.0, 0.0, 1.0],
                [1.0, 0.0, 0.0, -0.005555, 0.0, 0.0, -1.0, -0.30822, 0.0, 1.0, 0.0, 0.000704, 0.0, 0.0, 0.0, 1.0],
                [1.0, 0.0, 0.0, -0.005502, 0.0, 0.0, -1.0, -0.308242, 0.0, 1.0, 0.0, 0.000704, 0.0, 0.0, 0.0, 1.0]
            ]
        },
        {
            "name": "B_Calf_L_IK",
            "time": [0.0, 0.0167, 0.0333, 0.05, 0.0667, 0.0833, 0.1, 0.1167, 0.1333, 0.15, 0.1667, 0.1833, 0.2, 0.2167, 0.2333, 0.25, 0.2667, 0.2833, 0.3, 0.3167, 0.3333, 0.35, 0.3667, 0.3833, 0.4, 0.4167, 0.4333, 0.45, 0.4667, 0.4833, 0.5, 0.5167, 0.5333, 0.55, 0.5667, 0.5833, 0.6, 0.6167, 0.6333, 0.65, 0.6667, 0.6833, 0.7, 0.7167, 0.7333, 0.75, 0.7667, 0.7833, 0.8, 0.8167, 0.8333, 0.85, 0.8667, 0.8833, 0.9, 0.9167, 0.9333, 0.95, 0.9667, 0.9833, 1.0, 1.0167, 1.0333, 1.05, 1.0667, 1.0833, 1.1, 1.1167, 1.1333, 1.15, 1.1667],
            "transform": [
                [-0.00023, -0.306266, 0.951946, -0.714498, -1.0, 5.8e-05, -0.000223, 0.349963, 1.3e-05, -0.951946, -0.306266, 1.020675, 0.0, 0.0, 0.0, 1.0],
                [-0.00023, -0.306253, 0.95195, -0.714498, -1.0, 5.8e-05, -0.000223, 0.349963, 1.3e-05, -0.95195, -0.306253, 1.016888, 0.0, 0.0, 0.0, 1.0],
                [-0.00023, -0.306253, 0.95195, -0.714498, -1.0, 5.8e-05, -0.000223, 0.349963, 1.3e-05, -0.95195, -0.306253, 1.011643, 0.0, 0.0, 0.0, 1.0],
                [-0.00023, -0.306253, 0.95195, -0.714498, -1.0, 5.8e-05, -0.000223, 0.349963, 1.3e-05, -0.95195, -0.306253, 1.006125, 0.0, 0.0, 0.0, 1.0],
                [-0.00023, -0.306253, 0.95195, -0.714498, -1.0, 5.8e-05, -0.000223, 0.349963, 1.3e-05, -0.95195, -0.306253, 0.996904, 0.0, 0.0, 0.0, 1.0],
                [-0.00023, -0.306253, 0.95195, -0.714498, -1.0, 5.8e-05, -0.000223, 0.349963, 1.3e-05, -0.95195, -0.306253, 0.986226, 0.0, 0.0, 0.0, 1.0],
                [-0.00023, -0.306253, 0.95195, -0.714498, -1.0, 5.8e-05, -0.000223, 0.349963, 1.3e-05, -0.95195, -0.306253, 0.976339, 0.0, 0.0, 0.0, 1.0],
                [-0.00023, -0.306253, 0.95195, -0.714498, -1.0, 5.8e-05, -0.000223, 0.349963, 1.3e-05, -0.95195, -0.306253, 0.969492, 0.0, 0.0, 0.0, 1.0],
                [0.011457, -0.305154, 0.952234, -0.714731, -0.999268, -0.038257, -0.000237, 0.360122, 0.036502, -0.951534, -0.305369, 0.965826, 0.0, 0.0, 0.0, 1.0],
                [0.037454, -0.302398, 0.952445, -0.715369, -0.992364, -0.123342, -0.000137, 0.383075, 0.117518, -0.945167, -0.304709, 0.965564, 0.0, 0.0, 0.0, 1.0],
                [0.064152, -0.298952, 0.952109, -0.716323, -0.977672, -0.210138, -0.000106, 0.407537, 0.200106, -0.930843, -0.305758, 0.971074, 0.0, 0.0, 0.0, 1.0],
                [0.077989, -0.296156, 0.95195, -0.717503, -0.966855, -0.255326, -0.000223, 0.422222, 0.243124, -0.92038, -0.306253, 0.98472, 0.0, 0.0, 0.0, 1.0],
                [0.080433, -0.2945, 0.95226, -0.718818, -0.964453, -0.264255, -0.000262, 0.427306, 0.251716, -0.918389, -0.305287, 1.007907, 0.0, 0.0, 0.0, 1.0],
                [0.082071, -0.293389, 0.952464, -0.720178, -0.962797, -0.270226, -0.000277, 0.430714, 0.257462, -0.917006, -0.304652, 1.038174, 0.0, 0.0, 0.0, 1.0],
                [0.083065, -0.292715, 0.952585, -0.721493, -0.961774, -0.273843, -0.000282, 0.432781, 0.260942, -0.916148, -0.304272, 1.072097, 0.0, 0.0, 0.0, 1.0],
                [0.083575, -0.292368, 0.952647, -0.722672, -0.961244, -0.275699, -0.000283, 0.433843, 0.262727, -0.915702, -0.304079, 1.106251, 0.0, 0.0, 0.0, 1.0],
                [0.083763, -0.29224, 0.95267, -0.723626, -0.961048, -0.276383, -0.000283, 0.434234, 0.263384, -0.915537, -0.304008, 1.137213, 0.0, 0.0, 0.0, 1.0],
                [0.08379, -0.292222, 0.952673, -0.724265, -0.96102, -0.27648, -0.000283, 0.43429, 0.263478, -0.915513, -0.303998, 1.161559, 0.0, 0.0, 0.0, 1.0],
                [0.070685, -0.29455, 0.953018, -0.724498, -0.972182, -0.234228, -0.000287, 0.421114, 0.223308, -0.926486, -0.302912, 1.176521, 0.0, 0.0, 0.0, 1.0],
                [0.041815, -0.299498, 0.95318, -0.72432, -0.990195, -0.139691, -0.000454, 0.392126, 0.133287, -0.943815, -0.302403, 1.179013, 0.0, 0.0, 0.0, 1.0],
                [0.012912, -0.3042, 0.952521, -0.723821, -0.999042, -0.043753, -0.000431, 0.363139, 0.041807, -0.951603, -0.304474, 1.167795, 0.0, 0.0, 0.0, 1.0],
                [-0.00023, -0.306253, 0.95195, -0.723054, -1.0, 5.8e-05, -0.000223, 0.349963, 1.3e-05, -0.95195, -0.306253, 1.145162, 0.0, 0.0, 0.0, 1.0],
                [-0.00023, -0.306253, 0.95195, -0.722069, -1.0, 5.8e-05, -0.000223, 0.349963, 1.3e-05, -0.95195, -0.306253, 1.116388, 0.0, 0.0, 0.0, 1.0],
                [-0.00023, -0.306253, 0.95195, -0.720918, -1.0, 5.8e-05, -0.000223, 0.349963, 1.3e-05, -0.95195, -0.306253, 1.086303, 0.0, 0.0, 0.0, 1.0],
                [-0.00023, -0.306253, 0.95195, -0.719655, -1.0, 5.8e-05, -0.000223, 0.349963, 1.3e-05, -0.95195, -0.306253, 1.056548, 0.0, 0.0, 0.0, 1.0],
                [-0.00023, -0.306253, 0.95195, -0.718329, -1.0, 5.8e-05, -0.000223, 0.349963, 1.3e-05, -0.95195, -0.306253, 1.02876, 0.0, 0.0, 0.0, 1.0],
                [-0.00023, -0.306253, 0.95195, -0.716993, -1.0, 5.8e-05, -0.000223, 0.349963, 1.3e-05, -0.95195, -0.306253, 1.004579, 0.0, 0.0, 0.0, 1.0],
                [-0.00023, -0.306253, 0.95195, -0.715698, -1.0, 5.8e-05, -0.000223, 0.349963, 1.3e-05, -0.95195, -0.306253, 0.985644, 0.0, 0.0, 0.0, 1.0],
                [-0.00023, -0.306253, 0.95195, -0.714498, -1.0, 5.8e-05, -0.000223, 0.349963, 1.3e-05, -0.95195, -0.306253, 0.973594, 0.0, 0.0, 0.0, 1.0],
                [-0.00023, -0.306253, 0.95195, -0.713414, -1.0, 5.8e-05, -0.000223, 0.349963, 1.3e-05, -0.95195, -0.306253, 0.966614, 0.0, 0.0, 0.0, 1.0],
                [-0.00023, -0.306253, 0.95195, -0.712434, -1.0, 5.8e-05, -0.000223, 0.349963, 1.3e-05, -0.95195, -0.306253, 0.96168, 0.0, 0.0, 0.0, 1.0],
                [-0.00023, -0.306253, 0.95195, -0.711551, -1.0, 5.8e-05, -0.000223, 0.349963, 1.3e-05, -0.95195, -0.306253, 0.958616, 0.0, 0.0, 0.0, 1.0],
                [-0.00023, -0.306253, 0.95195, -0.710762, -1.0, 5.8e-05, -0.000223, 0.349963, 1.3e-05, -0.95195, -0.306253, 0.957248, 0.0, 0.0, 0.0, 1.0],
                [-0.00023, -0.306253, 0.95195, -0.71006, -1.0, 5.8e-05, -0.000223, 0.349963, 1.3e-05, -0.95195, -0.306253, 0.957401, 0.0, 0.0, 0.0, 1.0],
                [-0.00023, -0.306253, 0.95195, -0.70944, -1.0, 5.8e-05, -0.000223, 0.349963, 1.3e-05, -0.95195, -0.306253, 0.9589, 0.0, 0.0, 0.0, 1.0],
                [-0.00023, -0.306253, 0.95195, -0.708898, -1.0, 5.8e-05, -0.000223, 0.349963, 1.3e-05, -0.95195, -0.306253, 0.961569, 0.0, 0.0, 0.0, 1.0],
                [-0.00023, -0.306253, 0.95195, -0.708428, -1.0, 5.8e-05, -0.000223, 0.349963, 1.3e-05, -0.95195, -0.306253, 0.965235, 0.0, 0.0, 0.0, 1.0],
                [-0.00023, -0.306253, 0.95195, -0.708025, -1.0, 5.8e-05, -0.000223, 0.349963, 1.3e-05, -0.95195, -0.306253, 0.969722, 0.0, 0.0, 0.0, 1.0],
                [-0.00023, -0.306253, 0.95195, -0.707684, -1.0, 5.8e-05, -0.000223, 0.349963, 1.3e-05, -0.95195, -0.306253, 0.974855, 0.0, 0.0, 0.0, 1.0],
                [-0.00023, -0.306253, 0.95195, -0.7074, -1.0, 5.8e-05, -0.000223, 0.349963, 1.3e-05, -0.95195, -0.306253, 0.980459, 0.0, 0.0, 0.0, 1.0],
                [-0.00023, -0.306253, 0.95195, -0.707167, -1.0, 5.8e-05, -0.000223, 0.349963, 1.3e-05, -0.95195, -0.306253, 0.98636, 0.0, 0.0, 0.0, 1.0],
                [-0.00023, -0.306253, 0.95195, -0.706981, -1.0, 5.8e-05, -0.000223, 0.349963, 1.3e-05, -0.95195, -0.306253, 0.992382, 0.0, 0.0, 0.0, 1.0],
                [-0.00023, -0.306253, 0.95195, -0.706835, -1.0, 5.8e-05, -0.000223, 0.349963, 1.3e-05, -0.95195, -0.306253, 0.998351, 0.0, 0.0, 0.0, 1.0],
                [-0.00023, -0.306253, 0.95195, -0.706726, -1.0, 5.8e-05, -0.000223, 0.349963, 1.3e-05, -0.95195, -0.306253, 1.004091, 0.0, 0.0, 0.0, 1.0],
                [-0.00023, -0.306253, 0.95195, -0.706648, -1.0, 5.8e-05, -0.000223, 0.349963, 1.3e-05, -0.95195, -0.306253, 1.009428, 0.0, 0.0, 0.0, 1.0],
                [-0.00023, -0.306253, 0.95195, -0.706596, -1.0, 5.8e-05, -0.000223, 0.349963, 1.3e-05, -0.95195, -0.306253, 1.014187, 0.0, 0.0, 0.0, 1.0],
                [-0.00023, -0.306253, 0.95195, -0.706564, -1.0, 5.8e-05, -0.000223, 0.349963, 1.3e-05, -0.95195, -0.306253, 1.018193, 0.0, 0.0, 0.0, 1.0],
                [-0.00023, -0.306253, 0.95195, -0.706548, -1.0, 5.8e-05, -0.000223, 0.349963, 1.3e-05, -0.95195, -0.306253, 1.021271, 0.0, 0.0, 0.0, 1.0],
                [-0.00023, -0.306253, 0.95195, -0.706542, -1.0, 5.8e-05, -0.000223, 0.349963, 1.3e-05, -0.95195, -0.306253, 1.023246, 0.0, 0.0, 0.0, 1.0],
                [-0.00023, -0.306253, 0.95195, -0.706541, -1.0, 5.8e-05, -0.000223, 0.349963, 1.3e-05, -0.95195, -0.306253, 1.023943, 0.0, 0.0, 0.0, 1.0],
                [-0.00023, -0.306253, 0.95195, -0.706593, -1.0, 5.8e-05, -0.000223, 0.349963, 1.3e-05, -0.95195, -0.306253, 1.023922, 0.0, 0.0, 0.0, 1.0],
                [-0.00023, -0.306253, 0.95195, -0.706744, -1.0, 5.8e-05, -0.000223, 0.349963, 1.3e-05, -0.95195, -0.306253, 1.02386, 0.0, 0.0, 0.0, 1.0],
                [-0.00023, -0.306253, 0.95195, -0.706982, -1.0, 5.8e-05, -0.000223, 0.349963, 1.3e-05, -0.95195, -0.306253, 1.023762, 0.0, 0.0, 0.0, 1.0],
                [-0.00023, -0.306253, 0.95195, -0.707297, -1.0, 5.8e-05, -0.000223, 0.349963, 1.3e-05, -0.95195, -0.306253, 1.023633, 0.0, 0.0, 0.0, 1.0],
                [-0.00023, -0.306253, 0.95195, -0.707679, -1.0, 5.8e-05, -0.000223, 0.349963, 1.3e-05, -0.95195, -0.306253, 1.023476, 0.0, 0.0, 0.0, 1.0],
                [-0.00023, -0.306253, 0.95195, -0.708118, -1.0, 5.8e-05, -0.000223, 0.349963, 1.3e-05, -0.95195, -0.306253, 1.023295, 0.0, 0.0, 0.0, 1.0],
                [-0.00023, -0.306253, 0.95195, -0.708604, -1.0, 5.8e-05, -0.000223, 0.349963, 1.3e-05, -0.95195, -0.306253, 1.023096, 0.0, 0.0, 0.0, 1.0],
                [-0.00023, -0.306253, 0.95195, -0.709125, -1.0, 5.8e-05, -0.000223, 0.349963, 1.3e-05, -0.95195, -0.306253, 1.022882, 0.0, 0.0, 0.0, 1.0],
                [-0.00023, -0.306253, 0.95195, -0.709673, -1.0, 5.8e-05, -0.000223, 0.349963, 1.3e-05, -0.95195, -0.306253, 1.022657, 0.0, 0.0, 0.0, 1.0],
                [-0.00023, -0.306253, 0.95195, -0.710235, -1.0, 5.8e-05, -0.000223, 0.349963, 1.3e-05, -0.95195, -0.306253, 1.022426, 0.0, 0.0, 0.0, 1.0],
                [-0.00023, -0.306253, 0.95195, -0.710803, -1.0, 5.8e-05, -0.000223, 0.349963, 1.3e-05, -0.95195, -0.306253, 1.022192, 0.0, 0.0, 0.0, 1.0],
                [-0.00023, -0.306253, 0.95195, -0.711366, -1.0, 5.8e-05, -0.000223, 0.349963, 1.3e-05, -0.95195, -0.306253, 1.021961, 0.0, 0.0, 0.0, 1.0],
                [-0.00023, -0.306253, 0.95195, -0.711913, -1.0, 5.8e-05, -0.000223, 0.349963, 1.3e-05, -0.95195, -0.306253, 1.021737, 0.0, 0.0, 0.0, 1.0],
                [-0.00023, -0.306253, 0.95195, -0.712435, -1.0, 5.8e-05, -0.000223, 0.349963, 1.3e-05, -0.95195, -0.306253, 1.021522, 0.0, 0.0, 0.0, 1.0],
                [-0.00023, -0.306253, 0.95195, -0.71292, -1.0, 5.8e-05, -0.000223, 0.349963, 1.3e-05, -0.95195, -0.306253, 1.021323, 0.0, 0.0, 0.0, 1.0],
                [-0.00023, -0.306253, 0.95195, -0.713359, -1.0, 5.8e-05, -0.000223, 0.349963, 1.3e-05, -0.95195, -0.306253, 1.021143, 0.0, 0.0, 0.0, 1.0],
                [-0.00023, -0.306253, 0.95195, -0.713742, -1.0, 5.8e-05, -0.000223, 0.349963, 1.3e-05, -0.95195, -0.306253, 1.020986, 0.0, 0.0, 0.0, 1.0],
                [-0.00023, -0.306253, 0.95195, -0.714057, -1.0, 5.8e-05, -0.000223, 0.349963, 1.3e-05, -0.95195, -0.306253, 1.020856, 0.0, 0.0, 0.0, 1.0],
                [-0.00023, -0.306253, 0.95195, -0.714295, -1.0, 5.8e-05, -0.000223, 0.349963, 1.3e-05, -0.95195, -0.306253, 1.020758, 0.0, 0.0, 0.0, 1.0],
                [-0.00023, -0.306253, 0.95195, -0.714445, -1.0, 5.8e-05, -0.000223, 0.349963, 1.3e-05, -0.95195, -0.306253, 1.020697, 0.0, 0.0, 0.0, 1.0],
                [-0.00023, -0.306253, 0.95195, -0.714498, -1.0, 5.8e-05, -0.000223, 0.349963, 1.3e-05, -0.95195, -0.306253, 1.020675, 0.0, 0.0, 0.0, 1.0]
            ]
        },
        {
            "name": "B_Calf_R_IK",
            "time": [0.0, 0.0167, 0.0333, 0.05, 0.0667, 0.0833, 0.1, 0.1167, 0.1333, 0.15, 0.1667, 0.1833, 0.2, 0.2167, 0.2333, 0.25, 0.2667, 0.2833, 0.3, 0.3167, 0.3333, 0.35, 0.3667, 0.3833, 0.4, 0.4167, 0.4333, 0.45, 0.4667, 0.4833, 0.5, 0.5167, 0.5333, 0.55, 0.5667, 0.5833, 0.6, 0.6167, 0.6333, 0.65, 0.6667, 0.6833, 0.7, 0.7167, 0.7333, 0.75, 0.7667, 0.7833, 0.8, 0.8167, 0.8333, 0.85, 0.8667, 0.8833, 0.9, 0.9167, 0.9333, 0.95, 0.9667, 0.9833, 1.0, 1.0167, 1.0333, 1.05, 1.0667, 1.0833, 1.1, 1.1167, 1.1333, 1.15, 1.1667],
            "transform": [
                [-0.000231, 0.144233, -0.989544, 0.48435, 1.0, 3.3e-05, -0.000228, 0.326625, -0.0, -0.989543, -0.144233, 1.353367, 0.0, 0.0, 0.0, 1.0],
                [-0.000231, 0.144246, -0.989542, 0.48435, 1.0, 3.3e-05, -0.000228, 0.326625, -0.0, -0.989542, -0.144246, 1.34958, 0.0, 0.0, 0.0, 1.0],
                [-0.000231, 0.144246, -0.989542, 0.48435, 1.0, 3.3e-05, -0.000228, 0.326625, -0.0, -0.989542, -0.144246, 1.344334, 0.0, 0.0, 0.0, 1.0],
                [-0.000231, 0.144246, -0.989542, 0.48435, 1.0, 3.3e-05, -0.000228, 0.326625, -0.0, -0.989542, -0.144246, 1.338817, 0.0, 0.0, 0.0, 1.0],
                [-0.000231, 0.144246, -0.989542, 0.48435, 1.0, 3.3e-05, -0.000228, 0.326625, -0.0, -0.989542, -0.144246, 1.329595, 0.0, 0.0, 0.0, 1.0],
                [-0.000231, 0.144246, -0.989542, 0.48435, 1.0, 3.3e-05, -0.000228, 0.326625, -0.0, -0.989542, -0.144246, 1.318917, 0.0, 0.0, 0.0, 1.0],
                [-0.000231, 0.144246, -0.989542, 0.48435, 1.0, 3.3e-05, -0.000228, 0.326625, -0.0, -0.989542, -0.144246, 1.309031, 0.0, 0.0, 0.0, 1.0],
                [-0.000231, 0.144246, -0.989542, 0.48435, 1.0, 3.3e-05, -0.000228, 0.326625, -0.0, -0.989542, -0.144246, 1.302183, 0.0, 0.0, 0.0, 1.0],
                [-0.000231, 0.144246, -0.989542, 0.484117, 1.0, 3.3e-05, -0.000228, 0.326625, -0.0, -0.989542, -0.144246, 1.297654, 0.0, 0.0, 0.0, 1.0],
                [-0.000231, 0.144246, -0.989542, 0.483478, 1.0, 3.3e-05, -0.000228, 0.326625, -0.0, -0.989542, -0.144246, 1.293132, 0.0, 0.0, 0.0, 1.0],
                [-0.000231, 0.144246, -0.989542, 0.482524, 1.0, 3.3e-05, -0.000228, 0.326625, -0.0, -0.989542, -0.144246, 1.288478, 0.0, 0.0, 0.0, 1.0],
                [-0.000231, 0.144246, -0.989542, 0.481344, 1.0, 3.3e-05, -0.000228, 0.326625, -0.0, -0.989542, -0.144246, 1.283555, 0.0, 0.0, 0.0, 1.0],
                [-0.000231, 0.144246, -0.989542, 0.480029, 1.0, 3.3e-05, -0.000228, 0.326625, -0.0, -0.989542, -0.144246, 1.278224, 0.0, 0.0, 0.0, 1.0],
                [-0.000231, 0.144246, -0.989542, 0.47867, 1.0, 3.3e-05, -0.000228, 0.326625, -0.0, -0.989542, -0.144246, 1.272347, 0.0, 0.0, 0.0, 1.0],
                [-0.000231, 0.144246, -0.989542, 0.477355, 1.0, 3.3e-05, -0.000228, 0.326625, -0.0, -0.989542, -0.144246, 1.265785, 0.0, 0.0, 0.0, 1.0],
                [-0.000231, 0.144246, -0.989542, 0.476175, 1.0, 3.3e-05, -0.000228, 0.326625, -0.0, -0.989542, -0.144246, 1.2584, 0.0, 0.0, 0.0, 1.0],
                [-0.000231, 0.144246, -0.989542, 0.475221, 1.0, 3.3e-05, -0.000228, 0.326625, -0.0, -0.989542, -0.144246, 1.250054, 0.0, 0.0, 0.0, 1.0],
                [-0.000231, 0.144246, -0.989542, 0.474583, 1.0, 3.3e-05, -0.000228, 0.326625, -0.0, -0.989542, -0.144246, 1.240608, 0.0, 0.0, 0.0, 1.0],
                [-0.000231, 0.144246, -0.989542, 0.47435, 1.0, 3.3e-05, -0.000228, 0.326625, -0.0, -0.989542, -0.144246, 1.229924, 0.0, 0.0, 0.0, 1.0],
                [-0.000231, 0.144246, -0.989542, 0.474527, 1.0, 3.3e-05, -0.000228, 0.326625, -0.0, -0.989542, -0.144246, 1.214915, 0.0, 0.0, 0.0, 1.0],
                [-0.000231, 0.144246, -0.989542, 0.475026, 1.0, 3.3e-05, -0.000228, 0.326625, -0.0, -0.989542, -0.144246, 1.193679, 0.0, 0.0, 0.0, 1.0],
                [-0.000231, 0.144246, -0.989542, 0.475794, 1.0, 3.3e-05, -0.000228, 0.326625, -0.0, -0.989542, -0.144246, 1.167854, 0.0, 0.0, 0.0, 1.0],
                [0.005748, 0.143554, -0.989626, 0.476778, 0.999122, -0.041906, -0.000275, 0.338886, -0.041511, -0.988755, -0.143669, 1.138333, 0.0, 0.0, 0.0, 1.0],
                [0.018903, 0.141963, -0.989691, 0.477929, 0.991008, -0.1338, -0.000265, 0.366849, -0.132459, -0.980787, -0.143216, 1.106605, 0.0, 0.0, 0.0, 1.0],
                [0.032056, 0.140227, -0.9896, 0.479193, 0.974466, -0.224534, -0.000251, 0.39728, -0.222234, -0.964324, -0.143844, 1.075206, 0.0, 0.0, 0.0, 1.0],
                [0.038033, 0.139142, -0.989542, 0.480519, 0.964199, -0.265179, -0.000228, 0.416949, -0.262438, -0.954106, -0.144246, 1.046672, 0.0, 0.0, 0.0, 1.0],
                [0.038029, 0.138732, -0.989599, 0.481855, 0.964204, -0.265163, -0.00012, 0.425269, -0.262422, -0.954171, -0.14385, 1.030754, 0.0, 0.0, 0.0, 1.0],
                [0.038002, 0.138457, -0.989639, 0.483149, 0.964235, -0.265047, -5.6e-05, 0.430847, -0.262309, -0.954243, -0.143577, 1.034397, 0.0, 0.0, 0.0, 1.0],
                [0.037927, 0.13829, -0.989665, 0.48435, 0.964322, -0.264733, -3.7e-05, 0.434231, -0.262002, -0.954354, -0.143397, 1.055923, 0.0, 0.0, 0.0, 1.0],
                [0.037781, 0.138205, -0.989683, 0.485433, 0.96449, -0.26412, -6.4e-05, 0.435968, -0.261404, -0.954536, -0.143276, 1.090199, 0.0, 0.0, 0.0, 1.0],
                [0.03754, 0.138175, -0.989696, 0.486413, 0.964766, -0.26311, -0.000139, 0.436608, -0.260418, -0.95482, -0.143183, 1.130884, 0.0, 0.0, 0.0, 1.0],
                [0.037181, 0.138172, -0.98971, 0.487296, 0.965176, -0.261602, -0.000262, 0.436699, -0.258947, -0.955234, -0.143087, 1.174484, 0.0, 0.0, 0.0, 1.0],
                [0.031097, 0.139135, -0.989785, 0.488086, 0.975395, -0.220466, -0.000346, 0.4195, -0.218262, -0.96542, -0.142567, 1.21729, 0.0, 0.0, 0.0, 1.0],
                [0.018263, 0.141234, -0.989808, 0.488788, 0.991377, -0.131042, -0.000406, 0.381662, -0.129764, -0.981265, -0.142409, 1.254721, 0.0, 0.0, 0.0, 1.0],
                [0.005535, 0.14331, -0.989662, 0.489407, 0.99916, -0.040979, -0.000346, 0.343824, -0.040605, -0.988829, -0.143417, 1.281978, 0.0, 0.0, 0.0, 1.0],
                [-0.000231, 0.144246, -0.989542, 0.489949, 1.0, 3.3e-05, -0.000228, 0.326625, -0.0, -0.989542, -0.144246, 1.294261, 0.0, 0.0, 0.0, 1.0],
                [-0.000231, 0.144246, -0.989542, 0.490419, 1.0, 3.3e-05, -0.000228, 0.326625, -0.0, -0.989542, -0.144246, 1.297927, 0.0, 0.0, 0.0, 1.0],
                [-0.000231, 0.144246, -0.989542, 0.490822, 1.0, 3.3e-05, -0.000228, 0.326625, -0.0, -0.989542, -0.144246, 1.302413, 0.0, 0.0, 0.0, 1.0],
                [-0.000231, 0.144246, -0.989542, 0.491163, 1.0, 3.3e-05, -0.000228, 0.326625, -0.0, -0.989542, -0.144246, 1.307546, 0.0, 0.0, 0.0, 1.0],
                [-0.000231, 0.144246, -0.989542, 0.491447, 1.0, 3.3e-05, -0.000228, 0.326625, -0.0, -0.989542, -0.144246, 1.313151, 0.0, 0.0, 0.0, 1.0],
                [-0.000231, 0.144246, -0.989542, 0.49168, 1.0, 3.3e-05, -0.000228, 0.326625, -0.0, -0.989542, -0.144246, 1.319052, 0.0, 0.0, 0.0, 1.0],
                [-0.000231, 0.144246, -0.989542, 0.491867, 1.0, 3.3e-05, -0.000228, 0.326625, -0.0, -0.989542, -0.144246, 1.325074, 0.0, 0.0, 0.0, 1.0],
                [-0.000231, 0.144246, -0.989542, 0.492012, 1.0, 3.3e-05, -0.000228, 0.326625, -0.0, -0.989542, -0.144246, 1.331042, 0.0, 0.0, 0.0, 1.0],
                [-0.000231, 0.144246, -0.989542, 0.492121, 1.0, 3.3e-05, -0.000228, 0.326625, -0.0, -0.989542, -0.144246, 1.336783, 0.0, 0.0, 0.0, 1.0],
                [-0.000231, 0.144246, -0.989542, 0.492199, 1.0, 3.3e-05, -0.000228, 0.326625, -0.0, -0.989542, -0.144246, 1.34212, 0.0, 0.0, 0.0, 1.0],
                [-0.000231, 0.144246, -0.989542, 0.492251, 1.0, 3.3e-05, -0.000228, 0.326625, -0.0, -0.989542, -0.144246, 1.346879, 0.0, 0.0, 0.0, 1.0],
                [-0.000231, 0.144246, -0.989542, 0.492283, 1.0, 3.3e-05, -0.000228, 0.326625, -0.0, -0.989542, -0.144246, 1.350885, 0.0, 0.0, 0.0, 1.0],
                [-0.000231, 0.144246, -0.989542, 0.4923, 1.0, 3.3e-05, -0.000228, 0.326625, -0.0, -0.989542, -0.144246, 1.353963, 0.0, 0.0, 0.0, 1.0],
                [-0.000231, 0.144246, -0.989542, 0.492306, 1.0, 3.3e-05, -0.000228, 0.326625, -0.0, -0.989542, -0.144246, 1.355938, 0.0, 0.0, 0.0, 1.0],
                [-0.000231, 0.144246, -0.989542, 0.492306, 1.0, 3.3e-05, -0.000228, 0.326625, -0.0, -0.989542, -0.144246, 1.356635, 0.0, 0.0, 0.0, 1.0],
                [-0.000231, 0.144246, -0.989542, 0.492254, 1.0, 3.3e-05, -0.000228, 0.326625, -0.0, -0.989542, -0.144246, 1.356613, 0.0, 0.0, 0.0, 1.0],
                [-0.000231, 0.144246, -0.989542, 0.492104, 1.0, 3.3e-05, -0.000228, 0.326625, -0.0, -0.989542, -0.144246, 1.356552, 0.0, 0.0, 0.0, 1.0],
                [-0.000231, 0.144246, -0.989542, 0.491866, 1.0, 3.3e-05, -0.000228, 0.326625, -0.0, -0.989542, -0.144246, 1.356454, 0.0, 0.0, 0.0, 1.0],
                [-0.000231, 0.144246, -0.989542, 0.49155, 1.0, 3.3e-05, -0.000228, 0.326625, -0.0, -0.989542, -0.144246, 1.356324, 0.0, 0.0, 0.0, 1.0],
                [-0.000231, 0.144246, -0.989542, 0.491168, 1.0, 3.3e-05, -0.000228, 0.326625, -0.0, -0.989542, -0.144246, 1.356167, 0.0, 0.0, 0.0, 1.0],
                [-0.000231, 0.144246, -0.989542, 0.490729, 1.0, 3.3e-05, -0.000228, 0.326625, -0.0, -0.989542, -0.144246, 1.355987, 0.0, 0.0, 0.0, 1.0],
                [-0.000231, 0.144246, -0.989542, 0.490243, 1.0, 3.3e-05, -0.000228, 0.326625, -0.0, -0.989542, -0.144246, 1.355788, 0.0, 0.0, 0.0, 1.0],
                [-0.000231, 0.144246, -0.989542, 0.489722, 1.0, 3.3e-05, -0.000228, 0.326625, -0.0, -0.989542, -0.144246, 1.355573, 0.0, 0.0, 0.0, 1.0],
                [-0.000231, 0.144246, -0.989542, 0.489175, 1.0, 3.3e-05, -0.000228, 0.326625, -0.0, -0.989542, -0.144246, 1.355349, 0.0, 0.0, 0.0, 1.0],
                [-0.000231, 0.144246, -0.989542, 0.488612, 1.0, 3.3e-05, -0.000228, 0.326625, -0.0, -0.989542, -0.144246, 1.355118, 0.0, 0.0, 0.0, 1.0],
                [-0.000231, 0.144246, -0.989542, 0.488044, 1.0, 3.3e-05, -0.000228, 0.326625, -0.0, -0.989542, -0.144246, 1.354884, 0.0, 0.0, 0.0, 1.0],
                [-0.000231, 0.144246, -0.989542, 0.487481, 1.0, 3.3e-05, -0.000228, 0.326625, -0.0, -0.989542, -0.144246, 1.354653, 0.0, 0.0, 0.0, 1.0],
                [-0.000231, 0.144246, -0.989542, 0.486934, 1.0, 3.3e-05, -0.000228, 0.326625, -0.0, -0.989542, -0.144246, 1.354428, 0.0, 0.0, 0.0, 1.0],
                [-0.000231, 0.144246, -0.989542, 0.486412, 1.0, 3.3e-05, -0.000228, 0.326625, -0.0, -0.989542, -0.144246, 1.354214, 0.0, 0.0, 0.0, 1.0],
                [-0.000231, 0.144246, -0.989542, 0.485927, 1.0, 3.3e-05, -0.000228, 0.326625, -0.0, -0.989542, -0.144246, 1.354015, 0.0, 0.0, 0.0, 1.0],
                [-0.000231, 0.144246, -0.989542, 0.485488, 1.0, 3.3e-05, -0.000228, 0.326625, -0.0, -0.989542, -0.144246, 1.353834, 0.0, 0.0, 0.0, 1.0],
                [-0.000231, 0.144246, -0.989542, 0.485106, 1.0, 3.3e-05, -0.000228, 0.326625, -0.0, -0.989542, -0.144246, 1.353677, 0.0, 0.0, 0.0, 1.0],
                [-0.000231, 0.144246, -0.989542, 0.48479, 1.0, 3.3e-05, -0.000228, 0.326625, -0.0, -0.989542, -0.144246, 1.353548, 0.0, 0.0, 0.0, 1.0],
                [-0.000231, 0.144246, -0.989542, 0.484552, 1.0, 3.3e-05, -0.000228, 0.326625, -0.0, -0.989542, -0.144246, 1.35345, 0.0, 0.0, 0.0, 1.0],
                [-0.000231, 0.144246, -0.989542, 0.484402, 1.0, 3.3e-05, -0.000228, 0.326625, -0.0, -0.989542, -0.144246, 1.353388, 0.0, 0.0, 0.0, 1.0],
                [-0.000231, 0.144246, -0.989542, 0.48435, 1.0, 3.3e-05, -0.000228, 0.326625, -0.0, -0.989542, -0.144246, 1.353367, 0.0, 0.0, 0.0, 1.0]
            ]
        },
        {
            "name": "F_Foot_L_IK",
            "time": [0.0, 0.0167, 0.0333, 0.05, 0.0667, 0.0833, 0.1, 0.1167, 0.1333, 0.15, 0.1667, 0.1833, 0.2, 0.2167, 0.2333, 0.25, 0.2667, 0.2833, 0.3, 0.3167, 0.3333, 0.35, 0.3667, 0.3833, 0.4, 0.4167, 0.4333, 0.45, 0.4667, 0.4833, 0.5, 0.5167, 0.5333, 0.55, 0.5667, 0.5833, 0.6, 0.6167, 0.6333, 0.65, 0.6667, 0.6833, 0.7, 0.7167, 0.7333, 0.75, 0.7667, 0.7833, 0.8, 0.8167, 0.8333, 0.85, 0.8667, 0.8833, 0.9, 0.9167, 0.9333, 0.95, 0.9667, 0.9833, 1.0, 1.0167, 1.0333, 1.05, 1.0667, 1.0833, 1.1, 1.1167, 1.1333, 1.15, 1.1667],
            "transform": [
                [-0.060738, -0.024051, -0.997864, -0.554498, 0.422433, -0.906386, -0.003867, 0.359963, -0.904357, -0.421766, 0.065212, -1.023073, 0.0, 0.0, 0.0, 1.0],
                [-0.060738, -0.024051, -0.997864, -0.554499, 0.422433, -0.906386, -0.003867, 0.359943, -0.904357, -0.421766, 0.065212, -1.026863, 0.0, 0.0, 0.0, 1.0],
                [-0.060738, -0.024051, -0.997864, -0.554504, 0.422433, -0.906386, -0.003867, 0.359883, -0.904357, -0.421766, 0.065212, -1.032131, 0.0, 0.0, 0.0, 1.0],
                [-0.060738, -0.024051, -0.997864, -0.5545, 0.422433, -0.906386, -0.003867, 0.35993, -0.904357, -0.421766, 0.065212, -1.037635, 0.0, 0.0, 0.0, 1.0],
                [-0.060738, -0.024051, -0.997864, -0.554501, 0.422433, -0.906386, -0.003867, 0.359914, -0.904357, -0.421766, 0.065212, -1.046855, 0.0, 0.0, 0.0, 1.0],
                [-0.060738, -0.024051, -0.997864, -0.554498, 0.422433, -0.906386, -0.003867, 0.359959, -0.904357, -0.421766, 0.065212, -1.057523, 0.0, 0.0, 0.0, 1.0],
                [-0.06088, -0.022916, -0.997882, -0.554498, 0.405857, -0.913929, -0.003772, 0.381645, -0.911907, -0.405227, 0.06494, -1.073326, 0.0, 0.0, 0.0, 1.0],
                [-0.061257, -0.019876, -0.997924, -0.554498, 0.360783, -0.932643, -0.003571, 0.439755, -0.930636, -0.360253, 0.064302, -1.096029, 0.0, 0.0, 0.0, 1.0],
                [-0.061803, -0.015474, -0.997969, -0.554731, 0.294034, -0.955789, -0.00339, 0.523884, -0.953795, -0.293646, 0.06362, -1.123513, 0.0, 0.0, 0.0, 1.0],
                [-0.062448, -0.010254, -0.997996, -0.555369, 0.213027, -0.977041, -0.003291, 0.623624, -0.975049, -0.212805, 0.063199, -1.15525, 0.0, 0.0, 0.0, 1.0],
                [-0.063126, -0.004762, -0.997994, -0.556324, 0.126197, -0.992, -0.003249, 0.728567, -0.989995, -0.126149, 0.063221, -1.188538, 0.0, 0.0, 0.0, 1.0],
                [-0.063768, 0.000458, -0.997965, -0.557503, 0.042762, -0.99908, -0.003191, 0.828303, -0.997048, -0.042878, 0.06369, -1.220677, 0.0, 0.0, 0.0, 1.0],
                [-0.064309, 0.004861, -0.997918, -0.558819, -0.027862, -0.999607, -0.003073, 0.912418, -0.997541, 0.027607, 0.064419, -1.248971, 0.0, 0.0, 0.0, 1.0],
                [-0.064682, 0.007902, -0.997875, -0.560181, -0.076579, -0.997059, -0.002931, 0.970486, -0.994963, 0.076227, 0.065097, -1.270723, 0.0, 0.0, 0.0, 1.0],
                [-0.064821, 0.009036, -0.997856, -0.561497, -0.094716, -0.9955, -0.002862, 0.992144, -0.993392, 0.094327, 0.065385, -1.283216, 0.0, 0.0, 0.0, 1.0],
                [-0.064794, 0.008818, -0.99786, -0.562677, -0.091234, -0.995825, -0.002876, 0.992099, -0.993719, 0.090853, 0.065328, -1.290553, 0.0, 0.0, 0.0, 1.0],
                [-0.064718, 0.008193, -0.99787, -0.563632, -0.081241, -0.99669, -0.002915, 0.991837, -0.994591, 0.08088, 0.065169, -1.298517, 0.0, 0.0, 0.0, 1.0],
                [-0.064596, 0.007203, -0.997886, -0.564272, -0.065407, -0.997854, -0.002969, 0.991144, -0.995766, 0.065077, 0.064929, -1.306911, 0.0, 0.0, 0.0, 1.0],
                [-0.064436, 0.005892, -0.997905, -0.564499, -0.044403, -0.999009, -0.003032, 0.989917, -0.996934, 0.044114, 0.064633, -1.315459, 0.0, 0.0, 0.0, 1.0],
                [-0.06424, 0.004302, -0.997925, -0.564322, -0.018908, -0.999816, -0.003093, 0.987725, -0.997755, 0.01867, 0.06431, -1.327051, 0.0, 0.0, 0.0, 1.0],
                [-0.064016, 0.002477, -0.997946, -0.563825, 0.010384, -0.999941, -0.003148, 0.984447, -0.997895, -0.010564, 0.063987, -1.343199, 0.0, 0.0, 0.0, 1.0],
                [-0.063768, 0.000458, -0.997965, -0.563059, 0.042762, -0.99908, -0.003191, 0.979884, -0.997048, -0.042878, 0.06369, -1.36192, 0.0, 0.0, 0.0, 1.0],
                [-0.063501, -0.001711, -0.997981, -0.562075, 0.077497, -0.996987, -0.003222, 0.973824, -0.994968, -0.077545, 0.063442, -1.381238, 0.0, 0.0, 0.0, 1.0],
                [-0.063221, -0.003987, -0.997992, -0.56092, 0.113849, -0.993493, -0.003243, 0.966162, -0.991485, -0.113825, 0.063263, -1.39906, 0.0, 0.0, 0.0, 1.0],
                [-0.062933, -0.006327, -0.997998, -0.559656, 0.151071, -0.988517, -0.003259, 0.956479, -0.986518, -0.150974, 0.063166, -1.413608, 0.0, 0.0, 0.0, 1.0],
                [-0.062641, -0.008689, -0.997998, -0.558331, 0.18842, -0.982083, -0.003276, 0.944636, -0.980089, -0.188248, 0.063156, -1.422834, 0.0, 0.0, 0.0, 1.0],
                [-0.062352, -0.011029, -0.997993, -0.556996, 0.225163, -0.974315, -0.0033, 0.930433, -0.972324, -0.224917, 0.063234, -1.424753, 0.0, 0.0, 0.0, 1.0],
                [-0.062071, -0.013305, -0.997983, -0.555702, 0.260594, -0.965443, -0.003337, 0.898663, -0.963451, -0.260275, 0.063393, -1.411314, 0.0, 0.0, 0.0, 1.0],
                [-0.061803, -0.015474, -0.997969, -0.554501, 0.294034, -0.955789, -0.00339, 0.839759, -0.953795, -0.293646, 0.06362, -1.37773, 0.0, 0.0, 0.0, 1.0],
                [-0.061553, -0.017492, -0.997951, -0.553416, 0.324841, -0.945762, -0.003459, 0.761975, -0.943763, -0.324388, 0.063896, -1.33038, 0.0, 0.0, 0.0, 1.0],
                [-0.061326, -0.019318, -0.997931, -0.55244, 0.352412, -0.935838, -0.003541, 0.673393, -0.933833, -0.3519, 0.064199, -1.276959, 0.0, 0.0, 0.0, 1.0],
                [-0.061129, -0.020907, -0.997911, -0.551555, 0.376176, -0.926541, -0.003631, 0.582576, -0.92453, -0.375612, 0.064503, -1.221963, 0.0, 0.0, 0.0, 1.0],
                [-0.060966, -0.022218, -0.997893, -0.550767, 0.39559, -0.918419, -0.00372, 0.497479, -0.916401, -0.394984, 0.064782, -1.170315, 0.0, 0.0, 0.0, 1.0],
                [-0.060843, -0.023208, -0.997878, -0.550062, 0.410129, -0.91202, -0.003796, 0.426596, -0.909996, -0.409489, 0.065008, -1.126621, 0.0, 0.0, 0.0, 1.0],
                [-0.060765, -0.023833, -0.997868, -0.549441, 0.41926, -0.907858, -0.003848, 0.377988, -0.90583, -0.4186, 0.065158, -1.095676, 0.0, 0.0, 0.0, 1.0],
                [-0.060738, -0.024051, -0.997864, -0.548899, 0.422433, -0.906386, -0.003867, 0.359951, -0.904357, -0.421766, 0.065212, -1.082181, 0.0, 0.0, 0.0, 1.0],
                [-0.060738, -0.024051, -0.997864, -0.548429, 0.422433, -0.906386, -0.003867, 0.359953, -0.904357, -0.421766, 0.065212, -1.078515, 0.0, 0.0, 0.0, 1.0],
                [-0.060738, -0.024051, -0.997864, -0.548026, 0.422433, -0.906386, -0.003867, 0.359957, -0.904357, -0.421766, 0.065212, -1.074027, 0.0, 0.0, 0.0, 1.0],
                [-0.060738, -0.024051, -0.997864, -0.547685, 0.422433, -0.906386, -0.003867, 0.359959, -0.904357, -0.421766, 0.065212, -1.068895, 0.0, 0.0, 0.0, 1.0],
                [-0.060738, -0.024051, -0.997864, -0.5474, 0.422433, -0.906386, -0.003867, 0.359959, -0.904357, -0.421766, 0.065212, -1.06329, 0.0, 0.0, 0.0, 1.0],
                [-0.060738, -0.024051, -0.997864, -0.547168, 0.422433, -0.906386, -0.003867, 0.35996, -0.904357, -0.421766, 0.065212, -1.057388, 0.0, 0.0, 0.0, 1.0],
                [-0.060738, -0.024051, -0.997864, -0.546981, 0.422433, -0.906386, -0.003867, 0.35996, -0.904357, -0.421766, 0.065212, -1.051367, 0.0, 0.0, 0.0, 1.0],
                [-0.060738, -0.024051, -0.997864, -0.546836, 0.422433, -0.906386, -0.003867, 0.359961, -0.904357, -0.421766, 0.065212, -1.045398, 0.0, 0.0, 0.0, 1.0],
