{
    "animation": [
        {
            "name": "Root",
            "time": [0.0, 0.0167, 0.0333, 0.05, 0.0667, 0.0833, 0.1, 0.1167, 0.1333, 0.15, 0.1667, 0.1833, 0.2, 0.2167, 0.2333, 0.25, 0.2667, 0.2833, 0.3, 0.3167, 0.3333, 0.35, 0.3667, 0.3833, 0.4, 0.4167, 0.4333, 0.45, 0.4667, 0.4833, 0.5, 0.5167, 0.5333, 0.55, 0.5667, 0.5833, 0.6, 0.6167, 0.6333, 0.65, 0.6667, 0.6833, 0.7, 0.7167, 0.7333, 0.75, 0.7667, 0.7833, 0.8, 0.8167, 0.8333, 0.85, 0.8667, 0.8833, 0.9, 0.9167, 0.9333, 0.95, 0.9667, 0.9833, 1.0, 1.0167, 1.0333, 1.05, 1.0667, 1.0833, 1.1, 1.1167, 1.1333, 1.15, 1.1667, 1.1833, 1.2, 1.2167, 1.2333, 1.25, 1.2667, 1.2833, 1.3, 1.3167, 1.3333, 1.35, 1.3667, 1.3833, 1.4, 1.4167, 1.4333, 1.45, 1.4667, 1.4833, 1.5, 1.5167, 1.5333, 1.55, 1.5667, 1.5833, 1.6, 1.6167, 1.6333, 1.65, 1.6667, 1.6833, 1.7, 1.7167, 1.7333, 1.75, 1.7667, 1.7833, 1.8, 1.8167],
            "transform": [
                [1.0, -0.0, 0.0, 0.0, 0.0, -0.0, -1.0, 0.0, 0.0, 1.0, -0.0, 0.0, 0.0, 0.0, 0.0, 1.0],
                [0.999962, -0.0, -0.008759, 0.010121, -0.008759, -0.0, -0.999962, -0.005821, 0.0, 1.0, -0.0, 0.0, 0.0, 0.0, 0.0, 1.0],
                [0.99956, -0.0, -0.029645, 0.03446, -0.029645, -0.0, -0.99956, -0.020056, 0.0, 1.0, -0.0, 0.0, 0.0, 0.0, 0.0, 1.0],
                [0.99851, -0.0, -0.054561, 0.063978, -0.054561, -0.0, -0.99851, -0.037696, -0.0, 1.0, -0.0, 0.0, 0.0, 0.0, 0.0, 1.0],
                [0.997151, -0.0, -0.075428, 0.089681, -0.075428, -0.0, -0.997151, -0.053021, 0.0, 1.0, -0.0, 0.0, 0.0, 0.0, 0.0, 1.0],
                [0.996447, -0.0, -0.084222, 0.102662, -0.084222, -0.0, -0.996447, -0.059602, 0.0, 1.0, -0.0, 0.0, 0.0, 0.0, 0.0, 1.0],
                [0.996747, -0.0, -0.080595, 0.102708, -0.080595, -0.0, -0.996747, -0.02794, 0.0, 1.0, -0.0, 0.0, 0.0, 0.0, 0.0, 1.0],
                [0.997524, -0.0, -0.070324, 0.096439, -0.070324, -0.0, -0.997524, 0.062, 0.0, 1.0, -0.0, 0.0, 0.0, 0.0, 0.0, 1.0],
                [0.998506, -0.0, -0.05464, 0.085283, -0.05464, -0.0, -0.998506, 0.202532, -0.0, 1.0, -0.0, 0.0, 0.0, 0.0, 0.0, 1.0],
                [0.999394, -0.0, -0.034819, 0.070716, -0.034819, -0.0, -0.999394, 0.38594, -0.0, 1.0, -0.0, 0.0, 0.0, 0.0, 0.0, 1.0],
                [0.999926, -0.0, -0.012136, 0.054217, -0.012136, -0.0, -0.999926, 0.604552, 0.0, 1.0, -0.0, 0.0, 0.0, 0.0, 0.0, 1.0],
                [0.999926, 0.0, 0.012166, 0.037232, 0.012166, -0.0, -0.999926, 0.850789, -0.0, 1.0, -0.0, 0.0, 0.0, 0.0, 0.0, 1.0],
                [0.999318, 0.0, 0.036914, 0.021128, 0.036914, -0.0, -0.999318, 1.117196, -0.0, 1.0, -0.0, 0.0, 0.0, 0.0, 0.0, 1.0],
                [0.998136, 0.0, 0.061033, 0.007168, 0.061033, -0.0, -0.998136, 1.39644, 0.0, 1.0, -0.0, 0.0, 0.0, 0.0, 0.0, 1.0],
                [0.996503, 0.0, 0.083555, -0.003504, 0.083555, -0.0, -0.996503, 1.681301, 0.0, 1.0, -0.0, 0.0, 0.0, 0.0, 0.0, 1.0],
                [0.994617, 0.0, 0.103621, -0.009865, 0.103621, -0.0, -0.994617, 1.964642, -0.0, 1.0, -0.0, 0.0, 0.0, 0.0, 0.0, 1.0],
                [0.992718, 0.0, 0.120461, -0.010994, 0.120461, -0.0, -0.992718, 2.239384, 0.0, 1.0, -0.0, 0.0, 0.0, 0.0, 0.0, 1.0],
                [0.991067, 0.0, 0.133367, -0.006036, 0.133367, -0.0, -0.991067, 2.498467, -0.0, 1.0, -0.0, 0.0, 0.0, 0.0, 0.0, 1.0],
                [0.989917, 0.0, 0.141647, 0.005843, 0.141647, -0.0, -0.989917, 2.73483, -0.0, 1.0, -0.0, 0.0, 0.0, 0.0, 0.0, 1.0],
                [0.989493, 0.0, 0.144581, 0.025507, 0.144581, -0.0, -0.989493, 2.948269, 0.0, 1.0, -0.0, 0.0, 0.0, 0.0, 0.0, 1.0],
                [0.990237, 0.0, 0.139394, 0.0564, 0.139394, -0.0, -0.990237, 3.160537, 0.0, 1.0, -0.0, 0.0, 0.0, 0.0, 0.0, 1.0],
                [0.99221, 0.0, 0.124575, 0.101425, 0.124575, -0.0, -0.99221, 3.376754, 0.0, 1.0, -0.0, 0.0, 0.0, 0.0, 0.0, 1.0],
                [0.994913, 0.0, 0.100741, 0.161265, 0.100741, -0.0, -0.994913, 3.595699, 0.0, 1.0, -0.0, 0.0, 0.0, 0.0, 0.0, 1.0],
                [0.997646, 0.0, 0.068568, 0.236528, 0.068568, -0.0, -0.997646, 3.815928, -0.0, 1.0, -0.0, 0.0, 0.0, 0.0, 0.0, 1.0],
                [0.999565, 0.0, 0.029506, 0.326939, 0.029506, -0.0, -0.999565, 4.035858, 0.0, 1.0, -0.0, 0.0, 0.0, 0.0, 0.0, 1.0],
                [0.999906, -0.0, -0.013746, 0.430797, -0.013746, -0.0, -0.999906, 4.254053, -0.0, 1.0, -0.0, 0.0, 0.0, 0.0, 0.0, 1.0],
                [0.99837, -0.0, -0.057078, 0.544818, -0.057078, -0.0, -0.99837, 4.46966, -0.0, 1.0, -0.0, 0.0, 0.0, 0.0, 0.0, 1.0],
                [0.995457, -0.0, -0.095206, 0.664411, -0.095206, -0.0, -0.995457, 4.682785, 0.0, 1.0, -0.0, 0.0, 0.0, 0.0, 0.0, 1.0],
                [0.992499, -0.0, -0.122251, 0.784338, -0.122251, -0.0, -0.992499, 4.894499, -0.0, 1.0, -0.0, 0.0, 0.0, 0.0, 0.0, 1.0],
                [0.991191, -0.0, -0.132439, 0.8995, -0.132439, -0.0, -0.991191, 5.10701, -0.0, 1.0, -0.0, 0.0, 0.0, 0.0, 0.0, 1.0],
                [0.993075, -0.0, -0.11748, 1.000906, -0.11748, -0.0, -0.993075, 5.324786, 0.0, 1.0, -0.0, 0.0, 0.0, 0.0, 0.0, 1.0],
                [0.997226, -0.0, -0.074427, 1.081472, -0.074427, -0.0, -0.997226, 5.547866, 0.0, 1.0, -0.0, 0.0, 0.0, 0.0, 0.0, 1.0],
                [0.999984, -0.0, -0.005668, 1.139065, -0.005668, -0.0, -0.999984, 5.772429, -0.0, 1.0, -0.0, 0.0, 0.0, 0.0, 0.0, 1.0],
                [0.996294, 0.0, 0.086015, 1.171944, 0.086015, -0.0, -0.996294, 5.993052, -0.0, 1.0, -0.0, 0.0, 0.0, 0.0, 0.0, 1.0],
                [0.980515, 0.0, 0.196444, 1.179935, 0.196444, -0.0, -0.980515, 6.203587, -0.0, 1.0, -0.0, 0.0, 0.0, 0.0, 0.0, 1.0],
                [0.947598, 0.0, 0.319464, 1.165138, 0.319464, -0.0, -0.947598, 6.398479, -0.0, 1.0, -0.0, 0.0, 0.0, 0.0, 0.0, 1.0],
                [0.894412, 0.0, 0.447245, 1.131641, 0.447245, -0.0, -0.894412, 6.574291, -0.0, 1.0, -0.0, 0.0, 0.0, 0.0, 0.0, 1.0],
                [0.8206, 0.0, 0.571503, 1.084154, 0.571503, -0.0, -0.8206, 6.730732, -0.0, 1.0, -0.0, 0.0, 0.0, 0.0, 0.0, 1.0],
                [0.728443, 0.0, 0.685107, 1.026186, 0.685107, -0.0, -0.728443, 6.870557, 0.0, 1.0, -0.0, 0.0, 0.0, 0.0, 0.0, 1.0],
                [0.621804, 0.0, 0.783173, 0.958744, 0.783173, -0.0, -0.621804, 6.998413, -0.0, 1.0, -0.0, 0.0, 0.0, 0.0, 0.0, 1.0],
                [0.50484, 0.0, 0.863213, 0.880123, 0.863213, -0.0, -0.50484, 7.119381, -0.0, 1.0, -0.0, 0.0, 0.0, 0.0, 0.0, 1.0],
                [0.380847, 0.0, 0.924638, 0.781871, 0.924638, -0.0, -0.380847, 7.237014, 0.0, 1.0, -0.0, 0.0, 0.0, 0.0, 0.0, 1.0],
                [0.251595, 0.0, 0.967833, 0.661862, 0.967833, -0.0, -0.251595, 7.350697, 0.0, 1.0, -0.0, 0.0, 0.0, 0.0, 0.0, 1.0],
                [0.118778, 0.0, 0.992921, 0.526561, 0.992921, -0.0, -0.118778, 7.459103, -0.0, 1.0, -0.0, 0.0, 0.0, 0.0, 0.0, 1.0],
                [-0.015494, 0.0, 0.99988, 0.382614, 0.99988, 0.0, 0.015494, 7.561364, -0.0, 1.0, -0.0, 0.0, 0.0, 0.0, 0.0, 1.0],
                [-0.148706, 0.0, 0.988881, 0.236465, 0.988881, 0.0, 0.148706, 7.657089, -0.0, 1.0, -0.0, 0.0, 0.0, 0.0, 0.0, 1.0],
                [-0.278132, 0.0, 0.960543, 0.094055, 0.960543, 0.0, 0.278132, 7.746147, 0.0, 1.0, -0.0, 0.0, 0.0, 0.0, 0.0, 1.0],
                [-0.401129, 0.0, 0.916022, -0.039291, 0.916022, 0.0, 0.401129, 7.828325, 0.0, 1.0, -0.0, 0.0, 0.0, 0.0, 0.0, 1.0],
                [-0.515424, 0.0, 0.856936, -0.158787, 0.856936, 0.0, 0.515424, 7.903013, -0.0, 1.0, -0.0, 0.0, 0.0, 0.0, 0.0, 1.0],
                [-0.61928, 0.0, 0.785171, -0.259975, 0.785171, 0.0, 0.61928, 7.969001, 0.0, 1.0, -0.0, 0.0, 0.0, 0.0, 0.0, 1.0],
                [-0.711518, 0.0, 0.702668, -0.338481, 0.702668, 0.0, 0.711518, 8.024442, -0.0, 1.0, -0.0, 0.0, 0.0, 0.0, 0.0, 1.0],
                [-0.791429, 0.0, 0.611262, -0.389829, 0.611262, 0.0, 0.791429, 8.066955, 0.0, 1.0, -0.0, 0.0, 0.0, 0.0, 0.0, 1.0],
                [-0.858611, 0.0, 0.512629, -0.409376, 0.512629, 0.0, 0.858611, 8.093799, 0.0, 1.0, -0.0, 0.0, 0.0, 0.0, 0.0, 1.0],
                [-0.912606, 0.0, 0.40884, -0.394589, 0.40884, 0.0, 0.912606, 8.107249, 0.0, 1.0, -0.0, 0.0, 0.0, 0.0, 0.0, 1.0],
                [-0.952068, 0.0, 0.305889, -0.354027, 0.305889, 0.0, 0.952068, 8.115703, 0.0, 1.0, -0.0, 0.0, 0.0, 0.0, 0.0, 1.0],
                [-0.977285, 0.0, 0.211931, -0.30044, 0.211931, 0.0, 0.977285, 8.123316, -0.0, 1.0, -0.0, 0.0, 0.0, 0.0, 0.0, 1.0],
                [-0.990814, 0.0, 0.135231, -0.246793, 0.135231, 0.0, 0.990814, 8.131666, -0.0, 1.0, -0.0, 0.0, 0.0, 0.0, 0.0, 1.0],
                [-0.996511, 0.0, 0.083463, -0.20543, 0.083463, 0.0, 0.996511, 8.140828, 0.0, 1.0, -0.0, 0.0, 0.0, 0.0, 0.0, 1.0],
                [-0.997977, 0.0, 0.06358, -0.187867, 0.06358, 0.0, 0.997977, 8.151136, 0.0, 1.0, -0.0, 0.0, 0.0, 0.0, 0.0, 1.0],
                [-0.99803, 0.0, 0.062734, -0.186149, 0.062734, 0.0, 0.99803, 8.162353, 0.0, 1.0, -0.0, 0.0, 0.0, 0.0, 0.0, 1.0],
                [-0.997979, 0.0, 0.063557, -0.184877, 0.063557, 0.0, 0.997979, 8.173064, 0.0, 1.0, -0.0, 0.0, 0.0, 0.0, 0.0, 1.0],
                [-0.997832, 0.0, 0.065812, -0.183868, 0.065812, 0.0, 0.997832, 8.183347, 0.0, 1.0, -0.0, 0.0, 0.0, 0.0, 0.0, 1.0],
                [-0.9976, 0.0, 0.069249, -0.182929, 0.069249, 0.0, 0.9976, 8.193276, 0.0, 1.0, -0.0, 0.0, 0.0, 0.0, 0.0, 1.0],
                [-0.997287, 0.0, 0.07361, -0.181858, 0.07361, 0.0, 0.997287, 8.202934, 0.0, 1.0, -0.0, 0.0, 0.0, 0.0, 0.0, 1.0],
                [-0.996904, 0.0, 0.07863, -0.180441, 0.07863, 0.0, 0.996904, 8.212394, -0.0, 1.0, -0.0, 0.0, 0.0, 0.0, 0.0, 1.0],
                [-0.996463, 0.0, 0.084041, -0.178464, 0.084041, 0.0, 0.996463, 8.221726, 0.0, 1.0, -0.0, 0.0, 0.0, 0.0, 0.0, 1.0],
                [-0.99598, 0.0, 0.089573, -0.175712, 0.089573, 0.0, 0.99598, 8.231001, 0.0, 1.0, -0.0, 0.0, 0.0, 0.0, 0.0, 1.0],
                [-0.995482, 0.0, 0.094958, -0.171968, 0.094958, 0.0, 0.995482, 8.240272, -0.0, 1.0, -0.0, 0.0, 0.0, 0.0, 0.0, 1.0],
                [-0.994995, 0.0, 0.09993, -0.167022, 0.09993, 0.0, 0.994995, 8.249594, -0.0, 1.0, -0.0, 0.0, 0.0, 0.0, 0.0, 1.0],
                [-0.994553, 0.0, 0.104228, -0.160666, 0.104228, 0.0, 0.994553, 8.259016, -0.0, 1.0, -0.0, 0.0, 0.0, 0.0, 0.0, 1.0],
                [-0.994195, 0.0, 0.107594, -0.1527, 0.107594, 0.0, 0.994195, 8.268579, 0.0, 1.0, -0.0, 0.0, 0.0, 0.0, 0.0, 1.0],
                [-0.993956, 0.0, 0.109777, -0.142927, 0.109777, 0.0, 0.993956, 8.278332, 0.0, 1.0, -0.0, 0.0, 0.0, 0.0, 0.0, 1.0],
                [-0.993873, 0.0, 0.110527, -0.131157, 0.110527, 0.0, 0.993873, 8.288316, -0.0, 1.0, -0.0, 0.0, 0.0, 0.0, 0.0, 1.0],
                [-0.993891, 0.0, 0.110371, -0.11808, 0.110371, 0.0, 0.993891, 8.298651, 0.0, 1.0, -0.0, 0.0, 0.0, 0.0, 0.0, 1.0],
                [-0.993933, 0.0, 0.109986, -0.104583, 0.109986, 0.0, 0.993933, 8.309366, 0.0, 1.0, -0.0, 0.0, 0.0, 0.0, 0.0, 1.0],
                [-0.994002, 0.0, 0.109365, -0.090777, 0.109365, 0.0, 0.994002, 8.320385, -0.0, 1.0, -0.0, 0.0, 0.0, 0.0, 0.0, 1.0],
                [-0.994097, 0.0, 0.108501, -0.076778, 0.108501, 0.0, 0.994097, 8.331631, 0.0, 1.0, -0.0, 0.0, 0.0, 0.0, 0.0, 1.0],
                [-0.994217, 0.0, 0.107389, -0.062702, 0.107389, 0.0, 0.994217, 8.343027, -0.0, 1.0, -0.0, 0.0, 0.0, 0.0, 0.0, 1.0],
                [-0.994363, 0.0, 0.106027, -0.048667, 0.106027, 0.0, 0.994363, 8.354499, 0.0, 1.0, -0.0, 0.0, 0.0, 0.0, 0.0, 1.0],
                [-0.994534, 0.0, 0.104412, -0.034793, 0.104412, 0.0, 0.994534, 8.36597, -0.0, 1.0, -0.0, 0.0, 0.0, 0.0, 0.0, 1.0],
                [-0.994728, 0.0, 0.102545, -0.021201, 0.102545, 0.0, 0.994728, 8.377368, 0.0, 1.0, -0.0, 0.0, 0.0, 0.0, 0.0, 1.0],
                [-0.994945, 0.0, 0.100425, -0.008013, 0.100425, 0.0, 0.994945, 8.388616, -0.0, 1.0, -0.0, 0.0, 0.0, 0.0, 0.0, 1.0],
                [-0.995182, 0.0, 0.098051, 0.004652, 0.098051, 0.0, 0.995182, 8.399641, 0.0, 1.0, -0.0, 0.0, 0.0, 0.0, 0.0, 1.0],
                [-0.995437, 0.0, 0.095422, 0.016671, 0.095422, 0.0, 0.995437, 8.410366, 0.0, 1.0, -0.0, 0.0, 0.0, 0.0, 0.0, 1.0],
                [-0.995709, 0.0, 0.092537, 0.027924, 0.092537, 0.0, 0.995709, 8.420722, -0.0, 1.0, -0.0, 0.0, 0.0, 0.0, 0.0, 1.0],
                [-0.995996, 0.0, 0.089397, 0.038291, 0.089397, 0.0, 0.995996, 8.43063, -0.0, 1.0, -0.0, 0.0, 0.0, 0.0, 0.0, 1.0],
                [-0.996296, 0.0, 0.085997, 0.047653, 0.085997, 0.0, 0.996296, 8.44002, 0.0, 1.0, -0.0, 0.0, 0.0, 0.0, 0.0, 1.0],
                [-0.996605, 0.0, 0.082338, 0.055889, 0.082338, 0.0, 0.996605, 8.448818, -0.0, 1.0, -0.0, 0.0, 0.0, 0.0, 0.0, 1.0],
                [-0.996921, 0.0, 0.078417, 0.06288, 0.078417, 0.0, 0.996921, 8.456952, 0.0, 1.0, -0.0, 0.0, 0.0, 0.0, 0.0, 1.0],
                [-0.997241, 0.0, 0.074232, 0.068507, 0.074232, 0.0, 0.997241, 8.464346, 0.0, 1.0, -0.0, 0.0, 0.0, 0.0, 0.0, 1.0],
                [-0.997561, 0.0, 0.069796, 0.073525, 0.069796, 0.0, 0.997561, 8.471003, 0.0, 1.0, -0.0, 0.0, 0.0, 0.0, 0.0, 1.0],
                [-0.997875, 0.0, 0.065157, 0.078738, 0.065157, 0.0, 0.997875, 8.477003, 0.0, 1.0, -0.0, 0.0, 0.0, 0.0, 0.0, 1.0],
                [-0.998177, 0.0, 0.06036, 0.084097, 0.06036, 0.0, 0.998177, 8.48238, -0.0, 1.0, -0.0, 0.0, 0.0, 0.0, 0.0, 1.0],
                [-0.998462, 0.0, 0.055453, 0.089553, 0.055453, 0.0, 0.998462, 8.487176, 0.0, 1.0, -0.0, 0.0, 0.0, 0.0, 0.0, 1.0],
                [-0.998725, 0.0, 0.050481, 0.095057, 0.050481, 0.0, 0.998725, 8.491429, 0.0, 1.0, -0.0, 0.0, 0.0, 0.0, 0.0, 1.0],
                [-0.998965, 0.0, 0.045493, 0.100561, 0.045493, 0.0, 0.998965, 8.495174, 0.0, 1.0, -0.0, 0.0, 0.0, 0.0, 0.0, 1.0],
                [-0.999178, 0.0, 0.040534, 0.106015, 0.040534, 0.0, 0.999178, 8.498449, -0.0, 1.0, -0.0, 0.0, 0.0, 0.0, 0.0, 1.0],
                [-0.999365, 0.0, 0.035652, 0.11137, 0.035652, 0.0, 0.999365, 8.501287, 0.0, 1.0, -0.0, 0.0, 0.0, 0.0, 0.0, 1.0],
                [-0.999523, 0.0, 0.030893, 0.116578, 0.030893, 0.0, 0.999523, 8.50372, -0.0, 1.0, -0.0, 0.0, 0.0, 0.0, 0.0, 1.0],
                [-0.999654, 0.0, 0.026304, 0.121589, 0.026304, 0.0, 0.999654, 8.505784, -0.0, 1.0, -0.0, 0.0, 0.0, 0.0, 0.0, 1.0],
                [-0.99976, 0.0, 0.021931, 0.126354, 0.021931, 0.0, 0.99976, 8.507509, -0.0, 1.0, -0.0, 0.0, 0.0, 0.0, 0.0, 1.0],
                [-0.999841, 0.0, 0.017823, 0.130824, 0.017823, 0.0, 0.999841, 8.508926, 0.0, 1.0, -0.0, 0.0, 0.0, 0.0, 0.0, 1.0],
                [-0.999902, 0.0, 0.014023, 0.13495, 0.014023, 0.0, 0.999902, 8.510065, -0.0, 1.0, -0.0, 0.0, 0.0, 0.0, 0.0, 1.0],
                [-0.999944, 0.0, 0.010581, 0.138684, 0.010581, 0.0, 0.999944, 8.510956, -0.0, 1.0, -0.0, 0.0, 0.0, 0.0, 0.0, 1.0],
                [-0.999972, 0.0, 0.007541, 0.141978, 0.007541, 0.0, 0.999972, 8.511627, 0.0, 1.0, -0.0, 0.0, 0.0, 0.0, 0.0, 1.0],
                [-0.999988, 0.0, 0.004949, 0.144781, 0.004949, 0.0, 0.999988, 8.51211, 0.0, 1.0, -0.0, 0.0, 0.0, 0.0, 0.0, 1.0],
                [-0.999996, 0.0, 0.002854, 0.147046, 0.002854, 0.0, 0.999996, 8.512434, -0.0, 1.0, -0.0, 0.0, 0.0, 0.0, 0.0, 1.0],
                [-1.0, 0.0, 0.001299, 0.148724, 0.001299, 0.0, 1.0, 8.512625, 0.0, 1.0, -0.0, 0.0, 0.0, 0.0, 0.0, 1.0],
                [-1.0, 0.0, 0.000333, 0.149766, 0.000333, 0.0, 1.0, 8.512717, 0.0, 1.0, -0.0, 0.0, 0.0, 0.0, 0.0, 1.0],
                [-1.0, 0.0, 0.0, 0.150124, 0.0, 0.0, 1.0, 8.512741, 0.0, 1.0, -0.0, 0.0, 0.0, 0.0, 0.0, 1.0]
            ]
        },
        {
            "name": "B_Calf_L_IK",
            "time": [0.0, 0.0167, 0.0333, 0.05, 0.0667, 0.0833, 0.1, 0.1167, 0.1333, 0.15, 0.1667, 0.1833, 0.2, 0.2167, 0.2333, 0.25, 0.2667, 0.2833, 0.3, 0.3167, 0.3333, 0.35, 0.3667, 0.3833, 0.4, 0.4167, 0.4333, 0.45, 0.4667, 0.4833, 0.5, 0.5167, 0.5333, 0.55, 0.5667, 0.5833, 0.6, 0.6167, 0.6333, 0.65, 0.6667, 0.6833, 0.7, 0.7167, 0.7333, 0.75, 0.7667, 0.7833, 0.8, 0.8167, 0.8333, 0.85, 0.8667, 0.8833, 0.9, 0.9167, 0.9333, 0.95, 0.9667, 0.9833, 1.0, 1.0167, 1.0333, 1.05, 1.0667, 1.0833, 1.1, 1.1167, 1.1333, 1.15, 1.1667, 1.1833, 1.2, 1.2167, 1.2333, 1.25, 1.2667, 1.2833, 1.3, 1.3167, 1.3333, 1.35, 1.3667, 1.3833, 1.4, 1.4167, 1.4333, 1.45, 1.4667, 1.4833, 1.5, 1.5167, 1.5333, 1.55, 1.5667, 1.5833, 1.6, 1.6167, 1.6333, 1.65, 1.6667, 1.6833, 1.7, 1.7167, 1.7333, 1.75, 1.7667, 1.7833, 1.8, 1.8167],
            "transform": [
                [-0.00023, -0.30626, 0.951948, -0.72, -1.0, 5.8e-05, -0.000223, 0.350667, 1.3e-05, -0.951948, -0.30626, 1.018917, 0.0, 0.0, 0.0, 1.0],
                [-0.00023, -0.31458, 0.949231, -0.721219, -1.0, 5.8e-05, -0.000223, 0.350667, 1.5e-05, -0.949231, -0.31458, 1.019452, 0.0, 0.0, 0.0, 1.0],
                [-0.00023, -0.334339, 0.942453, -0.724517, -1.0, 5.8e-05, -0.000223, 0.350667, 2e-05, -0.942453, -0.334339, 1.020788, 0.0, 0.0, 0.0, 1.0],
                [-0.000229, -0.357736, 0.933823, -0.729273, -1.0, 5.8e-05, -0.000223, 0.350667, 2.6e-05, -0.933823, -0.357736, 1.022534, 0.0, 0.0, 0.0, 1.0],
                [-0.000229, -0.377184, 0.926138, -0.734519, -1.0, 5.8e-05, -0.000223, 0.350667, 3e-05, -0.926138, -0.377184, 1.024217, 0.0, 0.0, 0.0, 1.0],
                [-0.000228, -0.38534, 0.922775, -0.738944, -1.0, 5.8e-05, -0.000223, 0.350667, 3.2e-05, -0.922775, -0.38534, 1.025193, 0.0, 0.0, 0.0, 1.0],
                [-0.000229, -0.381979, 0.924171, -0.740164, -1.0, 5.8e-05, -0.000223, 0.350667, 3.2e-05, -0.924171, -0.381979, 1.054059, 0.0, 0.0, 0.0, 1.0],
                [-0.000229, -0.37244, 0.928056, -0.738404, -1.0, 5.8e-05, -0.000223, 0.350667, 2.9e-05, -0.928056, -0.37244, 1.135656, 0.0, 0.0, 0.0, 1.0],
                [-0.000229, -0.35781, 0.933794, -0.73734, -1.0, 5.8e-05, -0.000223, 0.350667, 2.6e-05, -0.933794, -0.35781, 1.263625, 0.0, 0.0, 0.0, 1.0],
                [-0.00023, -0.339213, 0.94071, -0.741321, -1.0, 5.8e-05, -0.000223, 0.350667, 2.1e-05, -0.94071, -0.339213, 1.431537, 0.0, 0.0, 0.0, 1.0],
                [-0.00023, -0.317783, 0.948163, -0.754458, -1.0, 5.8e-05, -0.000223, 0.350667, 1.6e-05, -0.948163, -0.317783, 1.632745, 0.0, 0.0, 0.0, 1.0],
                [-0.00023, -0.294649, 0.955606, -0.779922, -1.0, 5.8e-05, -0.000223, 0.350667, 1e-05, -0.955606, -0.294649, 1.860355, 0.0, 0.0, 0.0, 1.0],
                [-0.000231, -0.270904, 0.962606, -0.819476, -1.0, 5.8e-05, -0.000223, 0.350667, 5e-06, -0.962606, -0.270904, 2.107299, 0.0, 0.0, 0.0, 1.0],
                [-0.008473, -0.25042, 0.9681, -0.867272, -0.999017, -0.040013, -0.019094, 0.352624, 0.043519, -0.96731, -0.249835, 2.312396, 0.0, 0.0, 0.0, 1.0],
                [-0.033779, -0.236603, 0.971019, -0.913203, -0.986291, -0.149129, -0.070648, 0.361447, 0.161523, -0.960094, -0.228321, 2.43088, 0.0, 0.0, 0.0, 1.0],
                [-0.074579, -0.231026, 0.970085, -0.95289, -0.940382, -0.307422, -0.145508, 0.38156, 0.331842, -0.923103, -0.194325, 2.480317, 0.0, 0.0, 0.0, 1.0],
                [-0.125374, -0.236106, 0.963605, -0.984165, -0.841447, -0.489246, -0.229357, 0.41739, 0.525593, -0.839579, -0.137332, 2.47823, 0.0, 0.0, 0.0, 1.0],
                [-0.176891, -0.253135, 0.951121, -1.005999, -0.682299, -0.664932, -0.303862, 0.471543, 0.70935, -0.7027, -0.055093, 2.442103, 0.0, 0.0, 0.0, 1.0],
                [-0.21802, -0.280293, 0.934828, -1.014998, -0.473864, -0.806979, -0.352474, 0.53936, 0.853182, -0.519827, 0.043117, 2.389851, 0.0, 0.0, 0.0, 1.0],
                [-0.238916, -0.311933, 0.919574, -1.007993, -0.242563, -0.897806, -0.36757, 0.614363, 0.940257, -0.310873, 0.138837, 2.339354, 0.0, 0.0, 0.0, 1.0],
                [-0.22225, -0.341066, 0.913389, -0.981425, -0.019321, -0.935094, -0.353872, 0.69111, 0.974798, -0.096296, 0.201235, 2.306607, 0.0, 0.0, 0.0, 1.0],
                [-0.16293, -0.360858, 0.918279, -0.939182, 0.176449, -0.926368, -0.332729, 0.768311, 0.970731, 0.107818, 0.214606, 2.292868, 0.0, 0.0, 0.0, 1.0],
                [-0.073056, -0.365622, 0.927892, -0.888601, 0.332881, -0.885963, -0.322892, 0.845715, 0.940135, 0.285289, 0.186434, 2.293865, 0.0, 0.0, 0.0, 1.0],
                [0.034517, -0.353785, 0.93469, -0.836667, 0.443086, -0.83289, -0.331616, 0.923068, 0.895814, 0.425594, 0.128008, 2.305709, 0.0, 0.0, 0.0, 1.0],
                [0.147297, -0.328517, 0.932942, -0.7911, 0.504874, -0.786123, -0.35653, 1.00012, 0.850533, 0.523533, 0.050066, 2.32499, 0.0, 0.0, 0.0, 1.0],
                [0.25436, -0.297299, 0.92028, -0.76113, 0.519234, -0.760818, -0.389297, 1.076616, 0.815903, 0.576862, -0.039154, 2.349046, 0.0, 0.0, 0.0, 1.0],
                [0.3469, -0.270145, 0.898155, -0.753833, 0.510049, -0.749301, -0.422372, 1.150828, 0.78709, 0.604624, -0.122145, 2.376325, 0.0, 0.0, 0.0, 1.0],
                [0.418811, -0.251159, 0.872649, -0.761887, 0.499775, -0.738599, -0.452435, 1.215117, 0.75817, 0.625613, -0.183811, 2.405244, 0.0, 0.0, 0.0, 1.0],
                [0.465512, -0.242545, 0.851158, -0.775405, 0.487907, -0.732049, -0.475448, 1.260365, 0.738407, 0.636613, -0.222438, 2.431121, 0.0, 0.0, 0.0, 1.0],
                [0.48291, -0.2469, 0.840142, -0.785378, 0.47352, -0.733425, -0.487715, 1.277458, 0.736599, 0.633346, -0.237266, 2.446029, 0.0, 0.0, 0.0, 1.0],
                [0.46848, -0.272125, 0.840521, -0.791395, 0.422303, -0.766678, -0.483596, 1.24086, 0.776007, 0.581509, -0.244254, 2.436873, 0.0, 0.0, 0.0, 1.0],
                [0.421957, -0.320601, 0.848037, -0.802918, 0.304038, -0.831181, -0.465509, 1.151874, 0.854115, 0.454261, -0.253248, 2.398007, 0.0, 0.0, 0.0, 1.0],
                [0.342227, -0.378909, 0.859831, -0.823856, 0.125229, -0.888529, -0.441399, 1.041634, 0.931235, 0.258735, -0.256628, 2.329316, 0.0, 0.0, 0.0, 1.0],
                [0.237561, -0.42851, 0.871748, -0.854903, -0.096786, -0.903415, -0.417701, 0.941276, 0.966539, 0.014857, -0.25609, 2.229613, 0.0, 0.0, 0.0, 1.0],
                [0.1316, -0.456172, 0.880107, -0.892724, -0.331317, -0.857013, -0.394661, 0.881937, 0.934297, -0.239657, -0.263921, 2.095996, 0.0, 0.0, 0.0, 1.0],
                [0.087184, -0.461244, 0.88298, -0.927797, -0.537733, -0.767924, -0.348046, 0.859212, 0.838595, -0.444463, -0.314977, 1.926022, 0.0, 0.0, 0.0, 1.0],
                [0.134816, -0.448111, 0.883754, -0.942047, -0.680169, -0.69043, -0.246326, 0.845887, 0.720552, -0.567893, -0.397872, 1.725826, 0.0, 0.0, 0.0, 1.0],
                [0.241052, -0.416683, 0.87651, -0.919003, -0.740911, -0.662348, -0.111113, 0.838882, 0.626853, -0.622632, -0.468386, 1.507628, 0.0, 0.0, 0.0, 1.0],
                [0.355314, -0.365052, 0.860517, -0.848384, -0.728878, -0.684562, 0.010552, 0.835115, 0.585225, -0.630961, -0.509313, 1.286576, 0.0, 0.0, 0.0, 1.0],
                [0.433381, -0.305807, 0.84774, -0.726804, -0.680784, -0.727464, 0.085609, 0.831505, 0.590521, -0.614229, -0.523458, 1.078119, 0.0, 0.0, 0.0, 1.0],
                [0.461689, -0.267864, 0.845631, -0.556607, -0.644926, -0.755895, 0.112671, 0.824971, 0.609028, -0.597388, -0.52174, 0.895939, 0.0, 0.0, 0.0, 1.0],
                [0.460926, -0.274166, 0.844026, -0.33879, -0.654077, -0.747742, 0.114304, 0.813053, 0.599775, -0.604744, -0.523979, 0.766354, 0.0, 0.0, 0.0, 1.0],
                [0.462635, -0.317072, 0.827909, -0.089725, -0.695316, -0.709123, 0.116963, 0.795784, 0.550004, -0.62977, -0.54853, 0.714296, 0.0, 0.0, 0.0, 1.0],
                [0.479696, -0.379151, 0.791288, 0.161379, -0.742567, -0.655836, 0.135912, 0.773825, 0.467424, -0.652781, -0.596147, 0.743072, 0.0, 0.0, 0.0, 1.0],
                [0.508852, -0.444091, 0.737464, 0.385963, -0.777627, -0.604605, 0.17248, 0.747833, 0.369277, -0.661239, -0.652991, 0.847256, 0.0, 0.0, 0.0, 1.0],
                [0.539382, -0.49809, 0.67895, 0.558377, -0.795134, -0.566678, 0.215958, 0.71847, 0.277179, -0.65634, -0.701704, 1.012719, 0.0, 0.0, 0.0, 1.0],
                [0.558969, -0.531859, 0.636145, 0.658348, -0.801448, -0.543324, 0.249963, 0.686393, 0.212687, -0.649558, -0.729958, 1.217476, 0.0, 0.0, 0.0, 1.0],
                [0.567638, -0.538244, 0.622961, 0.675054, -0.801547, -0.534025, 0.268962, 0.652264, 0.187909, -0.652005, -0.734561, 1.434144, 0.0, 0.0, 0.0, 1.0],
                [0.56838, -0.520412, 0.637272, 0.613408, -0.79916, -0.533398, 0.277181, 0.61674, 0.195671, -0.666827, -0.719065, 1.636292, 0.0, 0.0, 0.0, 1.0],
                [0.554531, -0.485698, 0.675717, 0.486599, -0.801361, -0.530552, 0.276287, 0.580482, 0.224311, -0.694703, -0.683427, 1.80212, 0.0, 0.0, 0.0, 1.0],
                [0.522552, -0.437611, 0.731735, 0.312254, -0.811832, -0.517615, 0.270193, 0.544149, 0.260517, -0.735235, -0.625747, 1.915489, 0.0, 0.0, 0.0, 1.0],
                [0.47278, -0.37647, 0.796712, 0.110596, -0.83194, -0.488708, 0.262755, 0.5084, 0.29044, -0.787041, -0.544252, 1.966354, 0.0, 0.0, 0.0, 1.0],
                [0.409852, -0.300412, 0.861263, -0.097135, -0.861171, -0.438682, 0.256794, 0.473896, 0.300676, -0.846942, -0.438501, 1.950664, 0.0, 0.0, 0.0, 1.0],
                [0.328474, -0.208338, 0.921249, -0.286588, -0.900062, -0.364743, 0.238433, 0.441391, 0.286345, -0.907501, -0.307326, 1.879142, 0.0, 0.0, 0.0, 1.0],
                [0.231194, -0.104849, 0.967241, -0.43969, -0.941263, -0.275602, 0.195109, 0.412026, 0.246117, -0.955537, -0.162408, 1.774163, 0.0, 0.0, 0.0, 1.0],
                [0.137128, -0.001086, 0.990553, -0.550433, -0.973548, -0.184646, 0.134571, 0.387035, 0.182756, -0.982805, -0.026377, 1.656221, 0.0, 0.0, 0.0, 1.0],
                [0.061077, 0.088431, 0.994208, -0.620501, -0.991934, -0.105467, 0.070318, 0.367654, 0.111074, -0.990483, 0.081276, 1.546646, 0.0, 0.0, 0.0, 1.0],
                [0.011539, 0.150352, 0.988565, -0.657082, -0.998551, -0.05023, 0.019296, 0.35512, 0.052556, -0.987356, 0.149554, 1.464652, 0.0, 0.0, 0.0, 1.0],
                [-0.006424, 0.174177, 0.984693, -0.668685, -0.999563, -0.029541, -0.001296, 0.350667, 0.028863, -0.984271, 0.174291, 1.425923, 0.0, 0.0, 0.0, 1.0],
                [-0.006449, 0.175011, 0.984545, -0.668883, -0.999563, -0.029541, -0.001296, 0.350667, 0.028858, -0.984123, 0.175125, 1.414054, 0.0, 0.0, 0.0, 1.0],
                [-0.006425, 0.174199, 0.984689, -0.667126, -0.999563, -0.029541, -0.001296, 0.350667, 0.028863, -0.984267, 0.174313, 1.403833, 0.0, 0.0, 0.0, 1.0],
                [-0.00636, 0.171975, 0.985081, -0.663623, -0.999563, -0.029541, -0.001296, 0.350667, 0.028878, -0.984658, 0.172088, 1.395012, 0.0, 0.0, 0.0, 1.0],
                [-0.00626, 0.168582, 0.985668, -0.658565, -0.999563, -0.029541, -0.001296, 0.350667, 0.0289, -0.985245, 0.168693, 1.387318, 0.0, 0.0, 0.0, 1.0],
                [-0.006134, 0.164273, 0.986396, -0.652135, -0.999563, -0.029541, -0.001296, 0.350667, 0.028927, -0.985973, 0.164382, 1.380474, 0.0, 0.0, 0.0, 1.0],
                [-0.005988, 0.159307, 0.987211, -0.644508, -0.999563, -0.029541, -0.001296, 0.350667, 0.028957, -0.986787, 0.159414, 1.374197, 0.0, 0.0, 0.0, 1.0],
                [-0.005831, 0.153947, 0.988062, -0.635853, -0.999563, -0.029541, -0.001296, 0.350667, 0.028989, -0.987637, 0.154052, 1.368212, 0.0, 0.0, 0.0, 1.0],
                [-0.00567, 0.14846, 0.988902, -0.626335, -0.999563, -0.029541, -0.001296, 0.350667, 0.029021, -0.988477, 0.148563, 1.362237, 0.0, 0.0, 0.0, 1.0],
                [-0.005513, 0.143112, 0.989691, -0.616112, -0.999563, -0.029541, -0.001296, 0.350667, 0.029051, -0.989265, 0.143213, 1.356021, 0.0, 0.0, 0.0, 1.0],
                [-0.005368, 0.138168, 0.990394, -0.605339, -0.999563, -0.029541, -0.001296, 0.350667, 0.029079, -0.989968, 0.138267, 1.349312, 0.0, 0.0, 0.0, 1.0],
                [-0.005242, 0.13389, 0.990982, -0.594166, -0.999563, -0.029541, -0.001296, 0.350667, 0.029101, -0.990556, 0.133986, 1.34188, 0.0, 0.0, 0.0, 1.0],
                [-0.005143, 0.130536, 0.99143, -0.582728, -0.999563, -0.029541, -0.001296, 0.350667, 0.029119, -0.991003, 0.130631, 1.333522, 0.0, 0.0, 0.0, 1.0],
                [-0.005079, 0.12836, 0.991715, -0.571157, -0.999563, -0.029541, -0.001296, 0.350667, 0.02913, -0.991288, 0.128454, 1.324028, 0.0, 0.0, 0.0, 1.0],
                [-0.005057, 0.127611, 0.991811, -0.559562, -0.999563, -0.029541, -0.001296, 0.350667, 0.029134, -0.991384, 0.127705, 1.313238, 0.0, 0.0, 0.0, 1.0],
                [-0.005062, 0.127768, 0.991791, -0.547912, -0.999563, -0.029541, -0.001296, 0.350667, 0.029133, -0.991364, 0.127861, 1.301434, 0.0, 0.0, 0.0, 1.0],
                [-0.003731, 0.120814, 0.992668, -0.54255, -0.999066, -0.043193, 0.001501, 0.359058, 0.043057, -0.991735, 0.120863, 1.28979, 0.0, 0.0, 0.0, 1.0],
                [-0.000829, 0.098211, 0.995165, -0.548964, -0.997283, -0.073386, 0.006412, 0.377517, 0.073661, -0.992456, 0.098005, 1.278984, 0.0, 0.0, 0.0, 1.0],
                [0.002002, 0.058011, 0.998314, -0.565777, -0.994554, -0.103908, 0.008033, 0.395974, 0.104199, -0.992894, 0.057487, 1.268906, 0.0, 0.0, 0.0, 1.0],
                [0.003183, -0.001911, 0.999993, -0.591613, -0.993002, -0.11806, 0.002935, 0.404358, 0.118054, -0.993005, -0.002273, 1.259448, 0.0, 0.0, 0.0, 1.0],
                [0.002785, -0.081195, 0.996694, -0.624557, -0.993999, -0.109216, -0.00612, 0.400375, 0.109352, -0.990696, -0.081012, 1.25043, 0.0, 0.0, 0.0, 1.0],
                [0.002047, -0.170081, 0.985428, -0.660541, -0.996158, -0.086627, -0.012882, 0.39043, 0.087556, -0.981615, -0.169605, 1.241444, 0.0, 0.0, 0.0, 1.0],
                [0.001201, -0.256588, 0.96652, -0.69495, -0.998248, -0.057483, -0.01402, 0.377505, 0.059156, -0.96481, -0.256208, 1.232051, 0.0, 0.0, 0.0, 1.0],
                [0.000449, -0.329499, 0.944156, -0.723172, -0.999528, -0.029139, -0.009694, 0.364583, 0.030705, -0.943706, -0.329357, 1.221845, 0.0, 0.0, 0.0, 1.0],
                [-5.5e-05, -0.378885, 0.925444, -0.740584, -0.999961, -0.008123, -0.003385, 0.354643, 0.0088, -0.925408, -0.378869, 1.210466, 0.0, 0.0, 0.0, 1.0],
                [-0.000228, -0.395692, 0.918383, -0.742564, -1.0, 5.8e-05, -0.000223, 0.350667, 3.5e-05, -0.918383, -0.395692, 1.197615, 0.0, 0.0, 0.0, 1.0],
                [-0.000228, -0.39303, 0.919526, -0.735784, -1.0, 5.8e-05, -0.000223, 0.350667, 3.4e-05, -0.919526, -0.39303, 1.184104, 0.0, 0.0, 0.0, 1.0],
                [-0.000228, -0.390128, 0.92076, -0.730074, -1.0, 5.8e-05, -0.000223, 0.350667, 3.4e-05, -0.92076, -0.390128, 1.170985, 0.0, 0.0, 0.0, 1.0],
                [-0.000228, -0.386984, 0.922086, -0.725547, -1.0, 5.8e-05, -0.000223, 0.350667, 3.3e-05, -0.922086, -0.386984, 1.158327, 0.0, 0.0, 0.0, 1.0],
                [-0.000228, -0.383595, 0.923501, -0.722312, -1.0, 5.8e-05, -0.000223, 0.350667, 3.2e-05, -0.923501, -0.383595, 1.146206, 0.0, 0.0, 0.0, 1.0],
                [-0.000229, -0.379959, 0.925003, -0.720484, -1.0, 5.8e-05, -0.000223, 0.350667, 3.1e-05, -0.925003, -0.379959, 1.1347, 0.0, 0.0, 0.0, 1.0],
                [-0.000229, -0.376073, 0.92659, -0.720178, -1.0, 5.8e-05, -0.000223, 0.350667, 3e-05, -0.92659, -0.376073, 1.123875, 0.0, 0.0, 0.0, 1.0],
                [-0.000229, -0.371949, 0.928253, -0.720627, -1.0, 5.8e-05, -0.000223, 0.350667, 2.9e-05, -0.928253, -0.371949, 1.11367, 0.0, 0.0, 0.0, 1.0],
                [-0.000229, -0.367629, 0.929972, -0.720987, -1.0, 5.8e-05, -0.000223, 0.350667, 2.8e-05, -0.929972, -0.367629, 1.103978, 0.0, 0.0, 0.0, 1.0],
                [-0.000229, -0.363155, 0.931729, -0.72126, -1.0, 5.8e-05, -0.000223, 0.350667, 2.7e-05, -0.931729, -0.363155, 1.094812, 0.0, 0.0, 0.0, 1.0],
                [-0.000229, -0.358571, 0.933502, -0.721451, -1.0, 5.8e-05, -0.000223, 0.350667, 2.6e-05, -0.933503, -0.358571, 1.086161, 0.0, 0.0, 0.0, 1.0],
                [-0.000229, -0.353919, 0.935276, -0.721567, -1.0, 5.8e-05, -0.000223, 0.350667, 2.5e-05, -0.935276, -0.353919, 1.07803, 0.0, 0.0, 0.0, 1.0],
                [-0.00023, -0.349244, 0.937032, -0.721614, -1.0, 5.8e-05, -0.000223, 0.350667, 2.3e-05, -0.937032, -0.349243, 1.070423, 0.0, 0.0, 0.0, 1.0],
                [-0.00023, -0.344588, 0.938754, -0.721601, -1.0, 5.8e-05, -0.000223, 0.350667, 2.2e-05, -0.938754, -0.344588, 1.063333, 0.0, 0.0, 0.0, 1.0],
                [-0.00023, -0.339998, 0.940426, -0.721537, -1.0, 5.8e-05, -0.000223, 0.350667, 2.1e-05, -0.940426, -0.339998, 1.05677, 0.0, 0.0, 0.0, 1.0],
                [-0.00023, -0.335516, 0.942034, -0.721431, -1.0, 5.8e-05, -0.000223, 0.350667, 2e-05, -0.942035, -0.335516, 1.050727, 0.0, 0.0, 0.0, 1.0],
                [-0.00023, -0.331187, 0.943565, -0.721293, -1.0, 5.8e-05, -0.000223, 0.350667, 1.9e-05, -0.943565, -0.331187, 1.045209, 0.0, 0.0, 0.0, 1.0],
                [-0.00023, -0.327058, 0.945004, -0.721131, -1.0, 5.8e-05, -0.000223, 0.350667, 1.8e-05, -0.945005, -0.327057, 1.040215, 0.0, 0.0, 0.0, 1.0],
                [-0.00023, -0.323171, 0.946341, -0.720956, -1.0, 5.8e-05, -0.000223, 0.350667, 1.7e-05, -0.946341, -0.323171, 1.035747, 0.0, 0.0, 0.0, 1.0],
                [-0.00023, -0.319573, 0.947562, -0.720776, -1.0, 5.8e-05, -0.000223, 0.350667, 1.6e-05, -0.947562, -0.319573, 1.031804, 0.0, 0.0, 0.0, 1.0],
                [-0.00023, -0.316309, 0.948656, -0.720599, -1.0, 5.8e-05, -0.000223, 0.350667, 1.5e-05, -0.948656, -0.316309, 1.028386, 0.0, 0.0, 0.0, 1.0],
                [-0.00023, -0.313423, 0.949614, -0.720435, -1.0, 5.8e-05, -0.000223, 0.350667, 1.5e-05, -0.949614, -0.313423, 1.025493, 0.0, 0.0, 0.0, 1.0],
                [-0.00023, -0.310961, 0.950423, -0.720289, -1.0, 5.8e-05, -0.000223, 0.350667, 1.4e-05, -0.950423, -0.310961, 1.023126, 0.0, 0.0, 0.0, 1.0],
                [-0.00023, -0.308969, 0.951072, -0.720167, -1.0, 5.8e-05, -0.000223, 0.350667, 1.4e-05, -0.951072, -0.308969, 1.021286, 0.0, 0.0, 0.0, 1.0],
                [-0.00023, -0.30749, 0.951551, -0.720076, -1.0, 5.8e-05, -0.000223, 0.350667, 1.3e-05, -0.951551, -0.30749, 1.01997, 0.0, 0.0, 0.0, 1.0],
                [-0.00023, -0.30657, 0.951848, -0.720019, -1.0, 5.8e-05, -0.000223, 0.350667, 1.3e-05, -0.951848, -0.30657, 1.019184, 0.0, 0.0, 0.0, 1.0],
                [-0.00023, -0.306254, 0.95195, -0.72, -1.0, 5.8e-05, -0.000223, 0.350667, 1.3e-05, -0.95195, -0.306254, 1.018918, 0.0, 0.0, 0.0, 1.0]
            ]
        },
        {
            "name": "B_Calf_R_IK",
            "time": [0.0, 0.0167, 0.0333, 0.05, 0.0667, 0.0833, 0.1, 0.1167, 0.1333, 0.15, 0.1667, 0.1833, 0.2, 0.2167, 0.2333, 0.25, 0.2667, 0.2833, 0.3, 0.3167, 0.3333, 0.35, 0.3667, 0.3833, 0.4, 0.4167, 0.4333, 0.45, 0.4667, 0.4833, 0.5, 0.5167, 0.5333, 0.55, 0.5667, 0.5833, 0.6, 0.6167, 0.6333, 0.65, 0.6667, 0.6833, 0.7, 0.7167, 0.7333, 0.75, 0.7667, 0.7833, 0.8, 0.8167, 0.8333, 0.85, 0.8667, 0.8833, 0.9, 0.9167, 0.9333, 0.95, 0.9667, 0.9833, 1.0, 1.0167, 1.0333, 1.05, 1.0667, 1.0833, 1.1, 1.1167, 1.1333, 1.15, 1.1667, 1.1833, 1.2, 1.2167, 1.2333, 1.25, 1.2667, 1.2833, 1.3, 1.3167, 1.3333, 1.35, 1.3667, 1.3833, 1.4, 1.4167, 1.4333, 1.45, 1.4667, 1.4833, 1.5, 1.5167, 1.5333, 1.55, 1.5667, 1.5833, 1.6, 1.6167, 1.6333, 1.65, 1.6667, 1.6833, 1.7, 1.7167, 1.7333, 1.75, 1.7667, 1.7833, 1.8, 1.8167],
            "transform": [
                [-0.000231, 0.14418, -0.989551, 0.478847, 1.0, 3.3e-05, -0.000228, 0.327329, -0.0, -0.989551, -0.14418, 1.351609, 0.0, 0.0, 0.0, 1.0],
                [-0.000231, 0.135573, -0.990767, 0.480497, 1.0, 3.3e-05, -0.000228, 0.327329, 2e-06, -0.990767, -0.135573, 1.34163, 0.0, 0.0, 0.0, 1.0],
                [-0.000231, 0.114848, -0.993383, 0.483666, 1.0, 3.3e-05, -0.000228, 0.327329, 6e-06, -0.993383, -0.114848, 1.317793, 0.0, 0.0, 0.0, 1.0],
                [-0.00023, 0.090041, -0.995938, 0.48594, 1.0, 3.3e-05, -0.000228, 0.327329, 1.2e-05, -0.995938, -0.090041, 1.28932, 0.0, 0.0, 0.0, 1.0],
                [-0.00023, 0.069196, -0.997603, 0.486008, 1.0, 3.3e-05, -0.000228, 0.327329, 1.7e-05, -0.997603, -0.069196, 1.265534, 0.0, 0.0, 0.0, 1.0],
                [-0.00023, 0.060393, -0.998174, 0.483663, 1.0, 3.3e-05, -0.000228, 0.327329, 1.9e-05, -0.998175, -0.060393, 1.255733, 0.0, 0.0, 0.0, 1.0],
                [-0.00023, 0.064025, -0.997948, 0.481596, 1.0, 3.3e-05, -0.000228, 0.327329, 1.8e-05, -0.997948, -0.064025, 1.289048, 0.0, 0.0, 0.0, 1.0],
                [-0.00023, 0.074301, -0.997236, 0.480872, 1.0, 3.3e-05, -0.000228, 0.327329, 1.6e-05, -0.997236, -0.074301, 1.383217, 0.0, 0.0, 0.0, 1.0],
                [-0.00023, 0.089962, -0.995945, 0.477895, 1.0, 3.3e-05, -0.000228, 0.327329, 1.2e-05, -0.995945, -0.089962, 1.530315, 0.0, 0.0, 0.0, 1.0],
                [-0.000231, 0.109704, -0.993964, 0.468383, 1.0, 3.3e-05, -0.000228, 0.327329, 8e-06, -0.993964, -0.109704, 1.722285, 0.0, 0.0, 0.0, 1.0],
                [-0.000231, 0.132227, -0.991219, 0.448338, 1.0, 3.3e-05, -0.000228, 0.327329, 2e-06, -0.99122, -0.132227, 1.950863, 0.0, 0.0, 0.0, 1.0],
                [-0.000231, 0.156274, -0.987714, 0.414789, 1.0, 3.3e-05, -0.000228, 0.327329, -3e-06, -0.987714, -0.156274, 2.207607, 0.0, 0.0, 0.0, 1.0],
                [-0.000231, 0.180676, -0.983543, 0.366274, 1.0, 3.3e-05, -0.000228, 0.327329, -9e-06, -0.983543, -0.180676, 2.484018, 0.0, 0.0, 0.0, 1.0],
                [0.012885, 0.201441, -0.979416, 0.319608, 0.977566, -0.208479, -0.030018, 0.354344, -0.210234, -0.957057, -0.199608, 2.685605, 0.0, 0.0, 0.0, 1.0],
                [0.054522, 0.20263, -0.977736, 0.291426, 0.776324, -0.624424, -0.086118, 0.440618, -0.627972, -0.754345, -0.191352, 2.752427, 0.0, 0.0, 0.0, 1.0],
                [0.101712, 0.17477, -0.979342, 0.277573, 0.400287, -0.908427, -0.120543, 0.593995, -0.910728, -0.379757, -0.162356, 2.727248, 0.0, 0.0, 0.0, 1.0],
                [0.135656, 0.142101, -0.980512, 0.271952, 0.105505, -0.986105, -0.128315, 0.810817, -0.985122, -0.086042, -0.148764, 2.648558, 0.0, 0.0, 0.0, 1.0],
                [0.160084, 0.119344, -0.979862, 0.27647, -0.051441, -0.990307, -0.12902, 1.041422, -0.985762, 0.071059, -0.152393, 2.541086, 0.0, 0.0, 0.0, 1.0],
                [0.176962, 0.108289, -0.978242, 0.293662, -0.109105, -0.985644, -0.128845, 1.224644, -0.978152, 0.129532, -0.162607, 2.426194, 0.0, 0.0, 0.0, 1.0],
                [0.183635, 0.105114, -0.977358, 0.324854, -0.117301, -0.984819, -0.127956, 1.299317, -0.975971, 0.138142, -0.168517, 2.324032, 0.0, 0.0, 0.0, 1.0],
                [0.171623, 0.105569, -0.97949, 0.373102, -0.111689, -0.985747, -0.125813, 1.298954, -0.978811, 0.13099, -0.157385, 2.245794, 0.0, 0.0, 0.0, 1.0],
                [0.137934, 0.108182, -0.984515, 0.437168, -0.093851, -0.988117, -0.121726, 1.296338, -0.985985, 0.109188, -0.126142, 2.186473, 0.0, 0.0, 0.0, 1.0],
                [0.085493, 0.110476, -0.990195, 0.51337, -0.062258, -0.991299, -0.115975, 1.289212, -0.994392, 0.071563, -0.077871, 2.137697, 0.0, 0.0, 0.0, 1.0],
                [0.017395, 0.109135, -0.993875, 0.598286, -0.015482, -0.993877, -0.109407, 1.27532, -0.999729, 0.017291, -0.015599, 2.091046, 0.0, 0.0, 0.0, 1.0],
                [-0.062035, 0.100166, -0.993035, 0.687445, 0.047593, -0.993523, -0.103189, 1.252405, -0.996939, -0.053663, 0.056866, 2.038876, 0.0, 0.0, 0.0, 1.0],
                [-0.146505, 0.079498, -0.98601, 0.774268, 0.12754, -0.986928, -0.098523, 1.142877, -0.980953, -0.14019, 0.134451, 1.975339, 0.0, 0.0, 0.0, 1.0],
                [-0.227634, 0.044048, -0.97275, 0.849012, 0.224141, -0.969781, -0.096364, 0.922449, -0.947599, -0.239969, 0.210882, 1.897471, 0.0, 0.0, 0.0, 1.0],
                [-0.295706, -0.006983, -0.955254, 0.90092, 0.336101, -0.936797, -0.097195, 0.668813, -0.8942, -0.349803, 0.279363, 1.805683, 0.0, 0.0, 0.0, 1.0],
                [-0.341286, -0.07102, -0.937273, 0.920284, 0.460686, -0.881806, -0.10093, 0.459664, -0.819324, -0.466234, 0.333666, 1.702695, 0.0, 0.0, 0.0, 1.0],
                [-0.35735, -0.141734, -0.923154, 0.900156, 0.593161, -0.797927, -0.107104, 0.372696, -0.721429, -0.585853, 0.36921, 1.590949, 0.0, 0.0, 0.0, 1.0],
                [-0.343599, -0.242589, -0.907243, 0.838721, 0.724215, -0.683473, -0.091526, 0.372937, -0.597873, -0.688487, 0.410527, 1.473725, 0.0, 0.0, 0.0, 1.0],
                [-0.31339, -0.380935, -0.869871, 0.749793, 0.837643, -0.542427, -0.064239, 0.373695, -0.44737, -0.748774, 0.489079, 1.350723, 0.0, 0.0, 0.0, 1.0],
                [-0.285775, -0.525986, -0.801044, 0.653633, 0.91826, -0.389395, -0.071906, 0.375082, -0.274101, -0.756116, 0.594271, 1.215985, 0.0, 0.0, 0.0, 1.0],
