{
    "animation": [
        {
            "name": "Root",
            "time": [0.0, 0.0167, 0.0333, 0.05, 0.0667, 0.0833, 0.1, 0.1167, 0.1333, 0.15, 0.1667, 0.1833, 0.2, 0.2167, 0.2333, 0.25, 0.2667, 0.2833, 0.3, 0.3167, 0.3333, 0.35, 0.3667, 0.3833, 0.4, 0.4167, 0.4333, 0.45, 0.4667, 0.4833, 0.5, 0.5167, 0.5333, 0.55, 0.5667, 0.5833, 0.6, 0.6167, 0.6333, 0.65, 0.6667, 0.6833, 0.7, 0.7167, 0.7333, 0.75, 0.7667, 0.7833, 0.8, 0.8167, 0.8333, 0.85, 0.8667, 0.8833, 0.9, 0.9167, 0.9333, 0.95, 0.9667, 0.9833, 1.0, 1.0167, 1.0333, 1.05, 1.0667, 1.0833, 1.1, 1.1167, 1.1333, 1.15, 1.1667, 1.1833, 1.2, 1.2167, 1.2333, 1.25, 1.2667, 1.2833, 1.3, 1.3167, 1.3333, 1.35, 1.3667, 1.3833, 1.4, 1.4167, 1.4333, 1.45, 1.4667, 1.4833, 1.5, 1.5167, 1.5333, 1.55, 1.5667, 1.5833, 1.6, 1.6167, 1.6333, 1.65, 1.6667],
            "transform": [
                [1.0, 0.0, 0.0, 0.0, 0.0, 0.0, -1.0, 0.0, 0.0, 1.0, 0.0, 0.0, 0.0, 0.0, 0.0, 1.0],
                [1.0, 0.0, 0.0, 0.0, 0.0, 0.0, -1.0, 0.0, 0.0, 1.0, 0.0, 0.0, 0.0, 0.0, 0.0, 1.0],
                [1.0, 0.0, 0.0, 0.0, 0.0, 0.0, -1.0, 0.0, 0.0, 1.0, 0.0, 0.0, 0.0, 0.0, 0.0, 1.0],
                [1.0, 0.0, 0.0, 0.0, 0.0, 0.0, -1.0, 0.0, 0.0, 1.0, 0.0, 0.0, 0.0, 0.0, 0.0, 1.0],
                [1.0, 0.0, 0.0, 0.0, 0.0, 0.0, -1.0, 0.0, 0.0, 1.0, 0.0, 0.0, 0.0, 0.0, 0.0, 1.0],
                [1.0, 0.0, 0.0, 0.0, 0.0, 0.0, -1.0, 0.0, 0.0, 1.0, 0.0, 0.0, 0.0, 0.0, 0.0, 1.0],
                [1.0, 0.0, 0.0, 0.0, 0.0, 0.0, -1.0, 0.0, 0.0, 1.0, 0.0, 0.0, 0.0, 0.0, 0.0, 1.0],
                [1.0, 0.0, 0.0, 0.0, 0.0, 0.0, -1.0, 0.0, 0.0, 1.0, 0.0, 0.0, 0.0, 0.0, 0.0, 1.0],
                [1.0, 0.0, 0.0, 0.0, 0.0, 0.0, -1.0, 0.0, 0.0, 1.0, 0.0, 0.0, 0.0, 0.0, 0.0, 1.0],
                [1.0, 0.0, 0.0, 0.0, 0.0, 0.0, -1.0, 0.0, 0.0, 1.0, 0.0, 0.0, 0.0, 0.0, 0.0, 1.0],
                [1.0, 0.0, 0.0, 0.0, 0.0, 0.0, -1.0, 0.0, 0.0, 1.0, 0.0, 0.0, 0.0, 0.0, 0.0, 1.0],
                [1.0, 0.0, 0.0, 0.0, 0.0, 0.0, -1.0, 0.0, 0.0, 1.0, 0.0, 0.0, 0.0, 0.0, 0.0, 1.0],
                [1.0, 0.0, 0.0, 0.0, 0.0, 0.0, -1.0, 0.0, 0.0, 1.0, 0.0, 0.0, 0.0, 0.0, 0.0, 1.0],
                [1.0, 0.0, 0.0, 0.0, 0.0, 0.0, -1.0, 0.0, 0.0, 1.0, 0.0, 0.0, 0.0, 0.0, 0.0, 1.0],
                [1.0, 0.0, 0.0, 0.0, 0.0, 0.0, -1.0, 0.0, 0.0, 1.0, 0.0, 0.0, 0.0, 0.0, 0.0, 1.0],
                [1.0, 0.0, 0.0, 0.0, 0.0, 0.0, -1.0, 0.0, 0.0, 1.0, 0.0, 0.0, 0.0, 0.0, 0.0, 1.0],
                [1.0, 0.0, 0.0, 0.0, 0.0, 0.0, -1.0, 0.0, 0.0, 1.0, 0.0, 0.0, 0.0, 0.0, 0.0, 1.0],
                [1.0, 0.0, 0.0, 0.0, 0.0, 0.0, -1.0, 0.0, 0.0, 1.0, 0.0, 0.0, 0.0, 0.0, 0.0, 1.0],
                [1.0, 0.0, 0.0, 0.0, 0.0, 0.0, -1.0, 0.0, 0.0, 1.0, 0.0, 0.0, 0.0, 0.0, 0.0, 1.0],
                [1.0, 0.0, 0.0, 0.0, 0.0, 0.0, -1.0, 0.0, 0.0, 1.0, 0.0, 0.0, 0.0, 0.0, 0.0, 1.0],
                [1.0, 0.0, 0.0, 0.0, 0.0, 0.0, -1.0, 0.0, 0.0, 1.0, 0.0, 0.0, 0.0, 0.0, 0.0, 1.0],
                [1.0, 0.0, 0.0, 0.0, 0.0, 0.0, -1.0, 0.0, 0.0, 1.0, 0.0, 0.0, 0.0, 0.0, 0.0, 1.0],
                [1.0, 0.0, 0.0, 0.0, 0.0, 0.0, -1.0, 0.0, 0.0, 1.0, 0.0, 0.0, 0.0, 0.0, 0.0, 1.0],
                [1.0, 0.0, 0.0, 0.0, 0.0, 0.0, -1.0, 0.0, 0.0, 1.0, 0.0, 0.0, 0.0, 0.0, 0.0, 1.0],
                [1.0, 0.0, 0.0, 0.0, 0.0, 0.0, -1.0, 0.0, 0.0, 1.0, 0.0, 0.0, 0.0, 0.0, 0.0, 1.0],
                [1.0, 0.0, 0.0, 0.0, 0.0, 0.0, -1.0, 0.0, 0.0, 1.0, 0.0, 0.0, 0.0, 0.0, 0.0, 1.0],
                [1.0, 0.0, 0.0, 0.0, 0.0, 0.0, -1.0, 0.0, 0.0, 1.0, 0.0, 0.0, 0.0, 0.0, 0.0, 1.0],
                [1.0, 0.0, 0.0, 0.0, 0.0, 0.0, -1.0, 0.0, 0.0, 1.0, 0.0, 0.0, 0.0, 0.0, 0.0, 1.0],
                [1.0, 0.0, 0.0, 0.0, 0.0, 0.0, -1.0, 0.0, 0.0, 1.0, 0.0, 0.0, 0.0, 0.0, 0.0, 1.0],
                [1.0, 0.0, 0.0, 0.0, 0.0, 0.0, -1.0, 0.0, 0.0, 1.0, 0.0, 0.0, 0.0, 0.0, 0.0, 1.0],
                [1.0, 0.0, 0.0, 0.0, 0.0, 0.0, -1.0, 0.0, 0.0, 1.0, 0.0, 0.0, 0.0, 0.0, 0.0, 1.0],
                [1.0, 0.0, 0.0, 0.0, 0.0, 0.0, -1.0, 0.0, 0.0, 1.0, 0.0, 0.0, 0.0, 0.0, 0.0, 1.0],
                [1.0, 0.0, 0.0, 0.0, 0.0, 0.0, -1.0, 0.0, 0.0, 1.0, 0.0, 0.0, 0.0, 0.0, 0.0, 1.0],
                [1.0, 0.0, 0.0, 0.0, 0.0, 0.0, -1.0, 0.0, 0.0, 1.0, 0.0, 0.0, 0.0, 0.0, 0.0, 1.0],
                [1.0, 0.0, 0.0, 0.0, 0.0, 0.0, -1.0, 0.0, 0.0, 1.0, 0.0, 0.0, 0.0, 0.0, 0.0, 1.0],
                [1.0, 0.0, 0.0, 0.0, 0.0, 0.0, -1.0, 0.0, 0.0, 1.0, 0.0, 0.0, 0.0, 0.0, 0.0, 1.0],
                [1.0, 0.0, 0.0, 0.0, 0.0, 0.0, -1.0, 0.0, 0.0, 1.0, 0.0, 0.0, 0.0, 0.0, 0.0, 1.0],
                [1.0, 0.0, 0.0, 0.0, 0.0, 0.0, -1.0, 0.0, 0.0, 1.0, 0.0, 0.0, 0.0, 0.0, 0.0, 1.0],
                [1.0, 0.0, 0.0, 0.0, 0.0, 0.0, -1.0, 0.0, 0.0, 1.0, 0.0, 0.0, 0.0, 0.0, 0.0, 1.0],
                [1.0, 0.0, 0.0, 0.0, 0.0, 0.0, -1.0, 0.0, 0.0, 1.0, 0.0, 0.0, 0.0, 0.0, 0.0, 1.0],
                [1.0, 0.0, 0.0, 0.0, 0.0, 0.0, -1.0, 0.0, 0.0, 1.0, 0.0, 0.0, 0.0, 0.0, 0.0, 1.0],
                [1.0, 0.0, 0.0, 0.0, 0.0, 0.0, -1.0, 0.0, 0.0, 1.0, 0.0, 0.0, 0.0, 0.0, 0.0, 1.0],
                [1.0, 0.0, 0.0, 0.0, 0.0, 0.0, -1.0, 0.0, 0.0, 1.0, 0.0, 0.0, 0.0, 0.0, 0.0, 1.0],
                [1.0, 0.0, 0.0, 0.0, 0.0, 0.0, -1.0, 0.0, 0.0, 1.0, 0.0, 0.0, 0.0, 0.0, 0.0, 1.0],
                [1.0, 0.0, 0.0, 0.0, 0.0, 0.0, -1.0, 0.0, 0.0, 1.0, 0.0, 0.0, 0.0, 0.0, 0.0, 1.0],
                [1.0, 0.0, 0.0, 0.0, 0.0, 0.0, -1.0, 0.0, 0.0, 1.0, 0.0, 0.0, 0.0, 0.0, 0.0, 1.0],
                [1.0, 0.0, 0.0, 0.0, 0.0, 0.0, -1.0, 0.0, 0.0, 1.0, 0.0, 0.0, 0.0, 0.0, 0.0, 1.0],
                [1.0, 0.0, 0.0, 0.0, 0.0, 0.0, -1.0, 0.0, 0.0, 1.0, 0.0, 0.0, 0.0, 0.0, 0.0, 1.0],
                [1.0, 0.0, 0.0, 0.0, 0.0, 0.0, -1.0, 0.0, 0.0, 1.0, 0.0, 0.0, 0.0, 0.0, 0.0, 1.0],
                [1.0, 0.0, 0.0, 0.0, 0.0, 0.0, -1.0, 0.0, 0.0, 1.0, 0.0, 0.0, 0.0, 0.0, 0.0, 1.0],
                [1.0, 0.0, 0.0, 0.0, 0.0, 0.0, -1.0, 0.0, 0.0, 1.0, 0.0, 0.0, 0.0, 0.0, 0.0, 1.0],
                [1.0, 0.0, 0.0, 0.0, 0.0, 0.0, -1.0, 0.0, 0.0, 1.0, 0.0, 0.0, 0.0, 0.0, 0.0, 1.0],
                [1.0, 0.0, 0.0, 0.0, 0.0, 0.0, -1.0, 0.0, 0.0, 1.0, 0.0, 0.0, 0.0, 0.0, 0.0, 1.0],
                [1.0, 0.0, 0.0, 0.0, 0.0, 0.0, -1.0, 0.0, 0.0, 1.0, 0.0, 0.0, 0.0, 0.0, 0.0, 1.0],
                [1.0, 0.0, 0.0, 0.0, 0.0, 0.0, -1.0, 0.0, 0.0, 1.0, 0.0, 0.0, 0.0, 0.0, 0.0, 1.0],
                [1.0, 0.0, 0.0, 0.0, 0.0, 0.0, -1.0, 0.0, 0.0, 1.0, 0.0, 0.0, 0.0, 0.0, 0.0, 1.0],
                [1.0, 0.0, 0.0, 0.0, 0.0, 0.0, -1.0, 0.0, 0.0, 1.0, 0.0, 0.0, 0.0, 0.0, 0.0, 1.0],
                [1.0, 0.0, 0.0, 0.0, 0.0, 0.0, -1.0, 0.0, 0.0, 1.0, 0.0, 0.0, 0.0, 0.0, 0.0, 1.0],
                [1.0, 0.0, 0.0, 0.0, 0.0, 0.0, -1.0, 0.0, 0.0, 1.0, 0.0, 0.0, 0.0, 0.0, 0.0, 1.0],
                [1.0, 0.0, 0.0, 0.0, 0.0, 0.0, -1.0, 0.0, 0.0, 1.0, 0.0, 0.0, 0.0, 0.0, 0.0, 1.0],
                [1.0, 0.0, 0.0, 0.0, 0.0, 0.0, -1.0, 0.0, 0.0, 1.0, 0.0, 0.0, 0.0, 0.0, 0.0, 1.0],
                [1.0, 0.0, 0.0, 0.0, 0.0, 0.0, -1.0, 0.0, 0.0, 1.0, 0.0, 0.0, 0.0, 0.0, 0.0, 1.0],
                [1.0, 0.0, 0.0, 0.0, 0.0, 0.0, -1.0, 0.0, 0.0, 1.0, 0.0, 0.0, 0.0, 0.0, 0.0, 1.0],
                [1.0, 0.0, 0.0, 0.0, 0.0, 0.0, -1.0, 0.0, 0.0, 1.0, 0.0, 0.0, 0.0, 0.0, 0.0, 1.0],
                [1.0, 0.0, 0.0, 0.0, 0.0, 0.0, -1.0, 0.0, 0.0, 1.0, 0.0, 0.0, 0.0, 0.0, 0.0, 1.0],
                [1.0, 0.0, 0.0, 0.0, 0.0, 0.0, -1.0, 0.0, 0.0, 1.0, 0.0, 0.0, 0.0, 0.0, 0.0, 1.0],
                [1.0, 0.0, 0.0, 0.0, 0.0, 0.0, -1.0, 0.0, 0.0, 1.0, 0.0, 0.0, 0.0, 0.0, 0.0, 1.0],
                [1.0, 0.0, 0.0, 0.0, 0.0, 0.0, -1.0, 0.0, 0.0, 1.0, 0.0, 0.0, 0.0, 0.0, 0.0, 1.0],
                [1.0, 0.0, 0.0, 0.0, 0.0, 0.0, -1.0, 0.0, 0.0, 1.0, 0.0, 0.0, 0.0, 0.0, 0.0, 1.0],
                [1.0, 0.0, 0.0, 0.0, 0.0, 0.0, -1.0, 0.0, 0.0, 1.0, 0.0, 0.0, 0.0, 0.0, 0.0, 1.0],
                [1.0, 0.0, 0.0, 0.0, 0.0, 0.0, -1.0, 0.0, 0.0, 1.0, 0.0, 0.0, 0.0, 0.0, 0.0, 1.0],
                [1.0, 0.0, 0.0, 0.0, 0.0, 0.0, -1.0, 0.0, 0.0, 1.0, 0.0, 0.0, 0.0, 0.0, 0.0, 1.0],
                [1.0, 0.0, 0.0, 0.0, 0.0, 0.0, -1.0, 0.0, 0.0, 1.0, 0.0, 0.0, 0.0, 0.0, 0.0, 1.0],
                [1.0, 0.0, 0.0, 0.0, 0.0, 0.0, -1.0, 0.0, 0.0, 1.0, 0.0, 0.0, 0.0, 0.0, 0.0, 1.0],
                [1.0, 0.0, 0.0, 0.0, 0.0, 0.0, -1.0, 0.0, 0.0, 1.0, 0.0, 0.0, 0.0, 0.0, 0.0, 1.0],
                [1.0, 0.0, 0.0, 0.0, 0.0, 0.0, -1.0, 0.0, 0.0, 1.0, 0.0, 0.0, 0.0, 0.0, 0.0, 1.0],
                [1.0, 0.0, 0.0, 0.0, 0.0, 0.0, -1.0, 0.0, 0.0, 1.0, 0.0, 0.0, 0.0, 0.0, 0.0, 1.0],
                [1.0, 0.0, 0.0, 0.0, 0.0, 0.0, -1.0, 0.0, 0.0, 1.0, 0.0, 0.0, 0.0, 0.0, 0.0, 1.0],
                [1.0, 0.0, 0.0, 0.0, 0.0, 0.0, -1.0, 0.0, 0.0, 1.0, 0.0, 0.0, 0.0, 0.0, 0.0, 1.0],
                [1.0, 0.0, 0.0, 0.0, 0.0, 0.0, -1.0, 0.0, 0.0, 1.0, 0.0, 0.0, 0.0, 0.0, 0.0, 1.0],
                [1.0, 0.0, 0.0, 0.0, 0.0, 0.0, -1.0, 0.0, 0.0, 1.0, 0.0, 0.0, 0.0, 0.0, 0.0, 1.0],
                [1.0, 0.0, 0.0, 0.0, 0.0, 0.0, -1.0, 0.0, 0.0, 1.0, 0.0, 0.0, 0.0, 0.0, 0.0, 1.0],
                [1.0, 0.0, 0.0, 0.0, 0.0, 0.0, -1.0, 0.0, 0.0, 1.0, 0.0, 0.0, 0.0, 0.0, 0.0, 1.0],
                [1.0, 0.0, 0.0, 0.0, 0.0, 0.0, -1.0, 0.0, 0.0, 1.0, 0.0, 0.0, 0.0, 0.0, 0.0, 1.0],
                [1.0, 0.0, 0.0, 0.0, 0.0, 0.0, -1.0, 0.0, 0.0, 1.0, 0.0, 0.0, 0.0, 0.0, 0.0, 1.0],
                [1.0, 0.0, 0.0, 0.0, 0.0, 0.0, -1.0, 0.0, 0.0, 1.0, 0.0, 0.0, 0.0, 0.0, 0.0, 1.0],
                [1.0, 0.0, 0.0, 0.0, 0.0, 0.0, -1.0, 0.0, 0.0, 1.0, 0.0, 0.0, 0.0, 0.0, 0.0, 1.0],
                [1.0, 0.0, 0.0, 0.0, 0.0, 0.0, -1.0, 0.0, 0.0, 1.0, 0.0, 0.0, 0.0, 0.0, 0.0, 1.0],
                [1.0, 0.0, 0.0, 0.0, 0.0, 0.0, -1.0, 0.0, 0.0, 1.0, 0.0, 0.0, 0.0, 0.0, 0.0, 1.0],
                [1.0, 0.0, 0.0, 0.0, 0.0, 0.0, -1.0, 0.0, 0.0, 1.0, 0.0, 0.0, 0.0, 0.0, 0.0, 1.0],
                [1.0, 0.0, 0.0, 0.0, 0.0, 0.0, -1.0, 0.0, 0.0, 1.0, 0.0, 0.0, 0.0, 0.0, 0.0, 1.0],
                [1.0, 0.0, 0.0, 0.0, 0.0, 0.0, -1.0, 0.0, 0.0, 1.0, 0.0, 0.0, 0.0, 0.0, 0.0, 1.0],
                [1.0, 0.0, 0.0, 0.0, 0.0, 0.0, -1.0, 0.0, 0.0, 1.0, 0.0, 0.0, 0.0, 0.0, 0.0, 1.0],
                [1.0, 0.0, 0.0, 0.0, 0.0, 0.0, -1.0, 0.0, 0.0, 1.0, 0.0, 0.0, 0.0, 0.0, 0.0, 1.0],
                [1.0, 0.0, 0.0, 0.0, 0.0, 0.0, -1.0, 0.0, 0.0, 1.0, 0.0, 0.0, 0.0, 0.0, 0.0, 1.0],
                [1.0, 0.0, 0.0, 0.0, 0.0, 0.0, -1.0, 0.0, 0.0, 1.0, 0.0, 0.0, 0.0, 0.0, 0.0, 1.0],
                [1.0, 0.0, 0.0, 0.0, 0.0, 0.0, -1.0, 0.0, 0.0, 1.0, 0.0, 0.0, 0.0, 0.0, 0.0, 1.0],
                [1.0, 0.0, 0.0, 0.0, 0.0, 0.0, -1.0, 0.0, 0.0, 1.0, 0.0, 0.0, 0.0, 0.0, 0.0, 1.0],
                [1.0, 0.0, 0.0, 0.0, 0.0, 0.0, -1.0, 0.0, 0.0, 1.0, 0.0, 0.0, 0.0, 0.0, 0.0, 1.0],
                [1.0, 0.0, 0.0, 0.0, 0.0, 0.0, -1.0, 0.0, 0.0, 1.0, 0.0, 0.0, 0.0, 0.0, 0.0, 1.0],
                [1.0, 0.0, 0.0, 0.0, 0.0, 0.0, -1.0, 0.0, 0.0, 1.0, 0.0, 0.0, 0.0, 0.0, 0.0, 1.0]
            ]
        },
        {
            "name": "B_Calf_L_IK",
            "time": [0.0, 0.0167, 0.0333, 0.05, 0.0667, 0.0833, 0.1, 0.1167, 0.1333, 0.15, 0.1667, 0.1833, 0.2, 0.2167, 0.2333, 0.25, 0.2667, 0.2833, 0.3, 0.3167, 0.3333, 0.35, 0.3667, 0.3833, 0.4, 0.4167, 0.4333, 0.45, 0.4667, 0.4833, 0.5, 0.5167, 0.5333, 0.55, 0.5667, 0.5833, 0.6, 0.6167, 0.6333, 0.65, 0.6667, 0.6833, 0.7, 0.7167, 0.7333, 0.75, 0.7667, 0.7833, 0.8, 0.8167, 0.8333, 0.85, 0.8667, 0.8833, 0.9, 0.9167, 0.9333, 0.95, 0.9667, 0.9833, 1.0, 1.0167, 1.0333, 1.05, 1.0667, 1.0833, 1.1, 1.1167, 1.1333, 1.15, 1.1667, 1.1833, 1.2, 1.2167, 1.2333, 1.25, 1.2667, 1.2833, 1.3, 1.3167, 1.3333, 1.35, 1.3667, 1.3833, 1.4, 1.4167, 1.4333, 1.45, 1.4667, 1.4833, 1.5, 1.5167, 1.5333, 1.55, 1.5667, 1.5833, 1.6, 1.6167, 1.6333, 1.65, 1.6667],
            "transform": [
                [-0.000262, -0.026029, 0.999661, -0.59, -0.97542, -0.220273, -0.005991, 0.37781, 0.220354, -0.975091, -0.025332, 1.951113, 0.0, 0.0, 0.0, 1.0],
                [0.000234, -0.026649, 0.999645, -0.589874, -0.96774, -0.251867, -0.006488, 0.383701, 0.251951, -0.967395, -0.025848, 1.980896, 0.0, 0.0, 0.0, 1.0],
                [0.001666, -0.02835, 0.999597, -0.589493, -0.958518, -0.284957, -0.006484, 0.390036, 0.285026, -0.958121, -0.027649, 2.008972, 0.0, 0.0, 0.0, 1.0],
                [0.003953, -0.030915, 0.999514, -0.58885, -0.947659, -0.319224, -0.006126, 0.396815, 0.319258, -0.947175, -0.030559, 2.035174, 0.0, 0.0, 0.0, 1.0],
                [0.007012, -0.034128, 0.999393, -0.587937, -0.935097, -0.354348, -0.00554, 0.404039, 0.354322, -0.93449, -0.034398, 2.059334, 0.0, 0.0, 0.0, 1.0],
                [0.010763, -0.037773, 0.999228, -0.586746, -0.920798, -0.39001, -0.004825, 0.411709, 0.389891, -0.920035, -0.038979, 2.081282, 0.0, 0.0, 0.0, 1.0],
                [0.015124, -0.041632, 0.999018, -0.585271, -0.904765, -0.425891, -0.004051, 0.419827, 0.425642, -0.903816, -0.044108, 2.100851, 0.0, 0.0, 0.0, 1.0],
                [0.020013, -0.045488, 0.998764, -0.583502, -0.88704, -0.46168, -0.003252, 0.428392, 0.461258, -0.885879, -0.049589, 2.117872, 0.0, 0.0, 0.0, 1.0],
                [0.02535, -0.049125, 0.998471, -0.581433, -0.867705, -0.497074, -0.002426, 0.437407, 0.496433, -0.866316, -0.055227, 2.132176, 0.0, 0.0, 0.0, 1.0],
                [0.031052, -0.052327, 0.998147, -0.579056, -0.846879, -0.531784, -0.001532, 0.446872, 0.530879, -0.845262, -0.060828, 2.143594, 0.0, 0.0, 0.0, 1.0],
                [0.037038, -0.054878, 0.997806, -0.576363, -0.824722, -0.565538, -0.000491, 0.456788, 0.564324, -0.822894, -0.066205, 2.151959, 0.0, 0.0, 0.0, 1.0],
                [0.043225, -0.056561, 0.997463, -0.573347, -0.801429, -0.598089, 0.000816, 0.467156, 0.596526, -0.799431, -0.071182, 2.157102, 0.0, 0.0, 0.0, 1.0],
                [0.049534, -0.057163, 0.997135, -0.57, -0.777229, -0.629212, 0.002539, 0.477978, 0.627264, -0.775129, -0.075596, 2.158853, 0.0, 0.0, 0.0, 1.0],
                [0.055881, -0.056148, 0.996857, -0.566331, -0.752382, -0.658707, 0.005074, 0.489219, 0.656352, -0.750301, -0.079054, 2.158749, 0.0, 0.0, 0.0, 1.0],
                [0.062185, -0.053346, 0.996638, -0.562418, -0.727171, -0.686402, 0.008631, 0.500714, 0.683634, -0.725263, -0.081475, 2.158023, 0.0, 0.0, 0.0, 1.0],
                [0.068365, -0.049081, 0.996452, -0.558353, -0.701901, -0.712154, 0.013078, 0.512261, 0.708986, -0.700305, -0.083136, 2.15605, 0.0, 0.0, 0.0, 1.0],
                [0.074339, -0.043681, 0.996276, -0.554231, -0.676894, -0.735854, 0.018245, 0.523661, 0.732317, -0.67573, -0.08427, 2.152209, 0.0, 0.0, 0.0, 1.0],
                [0.080027, -0.037471, 0.996088, -0.550144, -0.652483, -0.757426, 0.023928, 0.534713, 0.753566, -0.651845, -0.085064, 2.145875, 0.0, 0.0, 0.0, 1.0],
                [0.085348, -0.030778, 0.995876, -0.546188, -0.629006, -0.776825, 0.029898, 0.545215, 0.772701, -0.628963, -0.08566, 2.136427, 0.0, 0.0, 0.0, 1.0],
                [0.09022, -0.023928, 0.995634, -0.542456, -0.606805, -0.794039, 0.035904, 0.554968, 0.789713, -0.607395, -0.086158, 2.123242, 0.0, 0.0, 0.0, 1.0],
                [0.094564, -0.017244, 0.995369, -0.53904, -0.58622, -0.809079, 0.041677, 0.563771, 0.804614, -0.587446, -0.086619, 2.105695, 0.0, 0.0, 0.0, 1.0],
                [0.098299, -0.011051, 0.995096, -0.536035, -0.567584, -0.821976, 0.046939, 0.571423, 0.817426, -0.569414, -0.087072, 2.083166, 0.0, 0.0, 0.0, 1.0],
                [0.101344, -0.005673, 0.994835, -0.533535, -0.551222, -0.832773, 0.051404, 0.577724, 0.828181, -0.553585, -0.087523, 2.055029, 0.0, 0.0, 0.0, 1.0],
                [0.103619, -0.001432, 0.994616, -0.531634, -0.537449, -0.841515, 0.05478, 0.582473, 0.836906, -0.540231, -0.087966, 2.020664, 0.0, 0.0, 0.0, 1.0],
                [0.105043, 0.001349, 0.994467, -0.530424, -0.526563, -0.848239, 0.05677, 0.585469, 0.843622, -0.529612, -0.088391, 1.979446, 0.0, 0.0, 0.0, 1.0],
                [0.105537, 0.002347, 0.994413, -0.53, -0.518847, -0.852959, 0.057079, 0.586513, 0.848327, -0.521972, -0.088801, 1.930753, 0.0, 0.0, 0.0, 1.0],
                [0.105527, 0.002096, 0.994414, -0.530315, -0.513286, -0.856371, 0.056275, 0.58618, 0.851705, -0.516357, -0.089295, 1.872223, 0.0, 0.0, 0.0, 1.0],
                [0.105452, 0.001383, 0.994423, -0.531219, -0.508635, -0.859215, 0.055132, 0.585248, 0.8545, -0.511612, -0.089903, 1.802862, 0.0, 0.0, 0.0, 1.0],
                [0.105246, 0.000268, 0.994446, -0.532657, -0.504824, -0.861553, 0.05366, 0.58381, 0.856782, -0.507668, -0.090539, 1.724094, 0.0, 0.0, 0.0, 1.0],
                [0.104843, -0.001187, 0.994488, -0.534569, -0.501778, -0.86344, 0.051869, 0.581963, 0.858619, -0.50445, -0.091121, 1.637342, 0.0, 0.0, 0.0, 1.0],
                [0.104178, -0.002922, 0.994554, -0.536898, -0.499419, -0.864929, 0.049772, 0.579802, 0.860074, -0.501885, -0.091566, 1.54403, 0.0, 0.0, 0.0, 1.0],
                [0.103185, -0.004879, 0.99465, -0.539585, -0.49767, -0.866072, 0.047381, 0.577423, 0.861207, -0.499896, -0.091794, 1.445582, 0.0, 0.0, 0.0, 1.0],
                [0.1018, -0.006995, 0.99478, -0.542574, -0.496448, -0.866914, 0.044707, 0.574922, 0.862076, -0.498408, -0.091724, 1.343423, 0.0, 0.0, 0.0, 1.0],
                [0.099955, -0.009212, 0.994949, -0.545805, -0.495674, -0.867504, 0.041765, 0.572395, 0.862737, -0.497345, -0.091278, 1.238976, 0.0, 0.0, 0.0, 1.0],
                [0.097586, -0.01147, 0.995161, -0.549221, -0.495265, -0.867886, 0.038563, 0.569936, 0.863244, -0.496631, -0.090374, 1.133666, 0.0, 0.0, 0.0, 1.0],
                [0.094627, -0.013707, 0.995418, -0.552764, -0.495136, -0.868106, 0.035115, 0.567642, 0.863647, -0.49619, -0.088934, 1.028916, 0.0, 0.0, 0.0, 1.0],
                [0.091012, -0.015866, 0.995723, -0.556376, -0.495203, -0.868208, 0.031429, 0.565609, 0.863997, -0.495946, -0.086874, 0.92615, 0.0, 0.0, 0.0, 1.0],
                [0.086674, -0.017884, 0.996076, -0.56, -0.49538, -0.86824, 0.027517, 0.563932, 0.864341, -0.495822, -0.084113, 0.826793, 0.0, 0.0, 0.0, 1.0],
                [0.081021, -0.019714, 0.996517, -0.563581, -0.498736, -0.866438, 0.023409, 0.562621, 0.862959, -0.498895, -0.080032, 0.732099, 0.0, 0.0, 0.0, 1.0],
                [0.073745, -0.021352, 0.997049, -0.567079, -0.508632, -0.86077, 0.019187, 0.561347, 0.85782, -0.508546, -0.074337, 0.642643, 0.0, 0.0, 0.0, 1.0],
                [0.065203, -0.022805, 0.997611, -0.57046, -0.525351, -0.850755, 0.014888, 0.559694, 0.848383, -0.525067, -0.067452, 0.558834, 0.0, 0.0, 0.0, 1.0],
                [0.055755, -0.024081, 0.998154, -0.573687, -0.549051, -0.835723, 0.010507, 0.557246, 0.833927, -0.548623, -0.059818, 0.481076, 0.0, 0.0, 0.0, 1.0],
                [0.045762, -0.025186, 0.998635, -0.576727, -0.579725, -0.81479, 0.006016, 0.553589, 0.813526, -0.579208, -0.051887, 0.409778, 0.0, 0.0, 0.0, 1.0],
                [0.035585, -0.026127, 0.999025, -0.579542, -0.617144, -0.786849, 0.001404, 0.548308, 0.786045, -0.616592, -0.044124, 0.345344, 0.0, 0.0, 0.0, 1.0],
                [0.025586, -0.026912, 0.99931, -0.582098, -0.660792, -0.750562, -0.003294, 0.540986, 0.750133, -0.660252, -0.036987, 0.288183, 0.0, 0.0, 0.0, 1.0],
                [0.016129, -0.027547, 0.99949, -0.584359, -0.709777, -0.704381, -0.00796, 0.531209, 0.704242, -0.709287, -0.030913, 0.2387, 0.0, 0.0, 0.0, 1.0],
                [0.007576, -0.028042, 0.999578, -0.586289, -0.762734, -0.646594, -0.012359, 0.518561, 0.646667, -0.762319, -0.026288, 0.197303, 0.0, 0.0, 0.0, 1.0],
                [0.000291, -0.028405, 0.999596, -0.587854, -0.817711, -0.575404, -0.016113, 0.502627, 0.575629, -0.817376, -0.023395, 0.164397, 0.0, 0.0, 0.0, 1.0],
                [-0.005364, -0.028645, 0.999575, -0.589018, -0.872046, -0.489067, -0.018694, 0.482991, 0.489395, -0.871775, -0.022356, 0.140389, 0.0, 0.0, 0.0, 1.0],
                [-0.009026, -0.02877, 0.999545, -0.589745, -0.922258, -0.386085, -0.01944, 0.459239, 0.386469, -0.922014, -0.023049, 0.125686, 0.0, 0.0, 0.0, 1.0],
                [-0.010332, -0.02879, 0.999532, -0.59, -0.963958, -0.265473, -0.017611, 0.430955, 0.265855, -0.963688, -0.025009, 0.120695, 0.0, 0.0, 0.0, 1.0],
                [-0.005287, -0.027394, 0.999611, -0.590002, -0.990629, -0.136284, -0.008974, 0.399098, 0.136477, -0.990291, -0.026417, 0.164453, 0.0, 0.0, 0.0, 1.0],
                [-0.000237, -0.026007, 0.999662, -0.59, -0.998969, -0.045374, -0.001417, 0.371719, 0.045396, -0.998631, -0.025969, 0.246569, 0.0, 0.0, 0.0, 1.0],
                [-0.000237, -0.026005, 0.999662, -0.59, -0.999967, -0.008084, -0.000448, 0.356478, 0.008093, -0.999629, -0.026002, 0.307722, 0.0, 0.0, 0.0, 1.0],
                [-0.000239, -0.026015, 0.999662, -0.59, -0.999984, 0.00566, -9.1e-05, 0.350816, -0.005656, -0.999645, -0.026016, 0.346249, 0.0, 0.0, 0.0, 1.0],
                [-0.00024, -0.026022, 0.999661, -0.59, -0.999971, 0.007623, -4.2e-05, 0.349616, -0.00762, -0.999632, -0.026023, 0.374902, 0.0, 0.0, 0.0, 1.0],
                [-0.000243, -0.026024, 0.999661, -0.59, -0.999977, 0.006811, -6.5e-05, 0.348651, -0.006807, -0.999638, -0.026025, 0.404233, 0.0, 0.0, 0.0, 1.0],
                [-0.000245, -0.026026, 0.999661, -0.59, -0.999989, 0.004714, -0.000122, 0.347247, -0.004709, -0.99965, -0.026027, 0.43599, 0.0, 0.0, 0.0, 1.0],
                [-0.000247, -0.026027, 0.999661, -0.59, -0.999998, 0.001847, -0.000199, 0.345617, -0.001842, -0.999659, -0.026028, 0.469725, 0.0, 0.0, 0.0, 1.0],
                [-0.00025, -0.026029, 0.999661, -0.59, -0.999999, -0.001276, -0.000283, 0.343977, 0.001283, -0.99966, -0.026028, 0.504986, 0.0, 0.0, 0.0, 1.0],
                [-0.000251, -0.02603, 0.999661, -0.59, -0.999991, -0.004143, -0.000359, 0.342539, 0.004151, -0.999652, -0.026028, 0.541323, 0.0, 0.0, 0.0, 1.0],
                [-0.000253, -0.02603, 0.999661, -0.59, -0.999981, -0.006239, -0.000415, 0.34152, 0.006248, -0.999642, -0.026028, 0.578286, 0.0, 0.0, 0.0, 1.0],
                [-0.000253, -0.02603, 0.999661, -0.59, -0.999975, -0.007052, -0.000437, 0.341133, 0.007061, -0.999636, -0.026028, 0.615425, 0.0, 0.0, 0.0, 1.0],
                [-0.000253, -0.02603, 0.999661, -0.59, -0.999975, -0.007052, -0.000437, 0.341133, 0.007061, -0.999636, -0.026028, 0.652365, 0.0, 0.0, 0.0, 1.0],
                [-0.000253, -0.02603, 0.999661, -0.59, -0.999975, -0.007052, -0.000437, 0.341133, 0.007061, -0.999636, -0.026028, 0.689034, 0.0, 0.0, 0.0, 1.0],
                [-0.000253, -0.02603, 0.999661, -0.59, -0.999975, -0.007052, -0.000437, 0.341133, 0.007061, -0.999636, -0.026028, 0.725434, 0.0, 0.0, 0.0, 1.0],
                [-0.000253, -0.02603, 0.999661, -0.59, -0.999975, -0.007052, -0.000437, 0.341133, 0.007061, -0.999636, -0.026028, 0.76157, 0.0, 0.0, 0.0, 1.0],
                [-0.000253, -0.02603, 0.999661, -0.59, -0.999975, -0.007052, -0.000437, 0.341133, 0.007061, -0.999636, -0.026028, 0.797444, 0.0, 0.0, 0.0, 1.0],
                [-0.000253, -0.02603, 0.999661, -0.59, -0.999975, -0.007052, -0.000437, 0.341133, 0.007061, -0.999636, -0.026028, 0.833061, 0.0, 0.0, 0.0, 1.0],
                [-0.000253, -0.02603, 0.999661, -0.59, -0.999975, -0.007052, -0.000437, 0.341133, 0.007061, -0.999636, -0.026028, 0.868422, 0.0, 0.0, 0.0, 1.0],
                [-0.000253, -0.02603, 0.999661, -0.59, -0.999975, -0.007052, -0.000437, 0.341133, 0.007061, -0.999636, -0.026028, 0.903532, 0.0, 0.0, 0.0, 1.0],
                [-0.000253, -0.02603, 0.999661, -0.59, -0.999975, -0.007052, -0.000437, 0.341133, 0.007061, -0.999636, -0.026028, 0.938394, 0.0, 0.0, 0.0, 1.0],
                [-0.000253, -0.02603, 0.999661, -0.59, -0.999975, -0.007052, -0.000437, 0.341133, 0.007061, -0.999636, -0.026028, 0.973011, 0.0, 0.0, 0.0, 1.0],
                [-0.000253, -0.02603, 0.999661, -0.59, -0.999975, -0.007052, -0.000437, 0.341133, 0.007061, -0.999636, -0.026028, 1.007386, 0.0, 0.0, 0.0, 1.0],
                [-0.000253, -0.02603, 0.999661, -0.59, -0.999975, -0.007052, -0.000437, 0.341133, 0.007061, -0.999636, -0.026028, 1.041523, 0.0, 0.0, 0.0, 1.0],
                [-0.000253, -0.02603, 0.999661, -0.59, -0.999975, -0.007052, -0.000437, 0.341133, 0.007061, -0.999636, -0.026028, 1.075425, 0.0, 0.0, 0.0, 1.0],
                [-0.000253, -0.02603, 0.999661, -0.59, -0.999975, -0.007052, -0.000437, 0.341133, 0.007061, -0.999636, -0.026028, 1.109107, 0.0, 0.0, 0.0, 1.0],
                [-0.000253, -0.02603, 0.999661, -0.59, -0.999975, -0.007052, -0.000437, 0.341133, 0.007061, -0.999636, -0.026028, 1.142631, 0.0, 0.0, 0.0, 1.0],
                [-0.000253, -0.02603, 0.999661, -0.59, -0.999975, -0.007052, -0.000437, 0.341133, 0.007061, -0.999636, -0.026028, 1.176071, 0.0, 0.0, 0.0, 1.0],
                [-0.000253, -0.02603, 0.999661, -0.59, -0.999975, -0.007052, -0.000437, 0.341133, 0.007061, -0.999636, -0.026028, 1.209501, 0.0, 0.0, 0.0, 1.0],
                [-0.000253, -0.02603, 0.999661, -0.59, -0.999975, -0.007052, -0.000437, 0.341133, 0.007061, -0.999636, -0.026028, 1.242995, 0.0, 0.0, 0.0, 1.0],
                [-0.000253, -0.02603, 0.999661, -0.59, -0.999975, -0.007052, -0.000437, 0.341133, 0.007061, -0.999636, -0.026028, 1.276625, 0.0, 0.0, 0.0, 1.0],
                [-0.000253, -0.02603, 0.999661, -0.59, -0.999975, -0.007052, -0.000437, 0.341133, 0.007061, -0.999636, -0.026028, 1.310467, 0.0, 0.0, 0.0, 1.0],
                [-0.000253, -0.02603, 0.999661, -0.59, -0.999975, -0.007052, -0.000437, 0.341133, 0.007061, -0.999636, -0.026028, 1.344594, 0.0, 0.0, 0.0, 1.0],
                [-0.000253, -0.02603, 0.999661, -0.59, -0.999975, -0.007052, -0.000437, 0.341133, 0.007061, -0.999636, -0.026028, 1.379079, 0.0, 0.0, 0.0, 1.0],
                [-0.000253, -0.02603, 0.999661, -0.59, -0.999975, -0.007052, -0.000437, 0.341133, 0.007061, -0.999636, -0.026028, 1.413997, 0.0, 0.0, 0.0, 1.0],
                [-0.000253, -0.02603, 0.999661, -0.59, -0.999975, -0.007052, -0.000437, 0.341133, 0.007061, -0.999636, -0.026028, 1.449421, 0.0, 0.0, 0.0, 1.0],
                [-0.000253, -0.02603, 0.999661, -0.59, -0.999975, -0.007052, -0.000437, 0.341133, 0.007061, -0.999636, -0.026028, 1.485425, 0.0, 0.0, 0.0, 1.0],
                [-0.000253, -0.02603, 0.999661, -0.59, -0.999964, -0.008436, -0.000473, 0.341348, 0.008445, -0.999625, -0.026027, 1.522043, 0.0, 0.0, 0.0, 1.0],
                [-0.000254, -0.026028, 0.999661, -0.59, -0.999921, -0.01255, -0.000581, 0.341994, 0.012561, -0.999582, -0.026023, 1.559146, 0.0, 0.0, 0.0, 1.0],
                [-0.000255, -0.026026, 0.999661, -0.590001, -0.999813, -0.019338, -0.000759, 0.343071, 0.019351, -0.999474, -0.026017, 1.596566, 0.0, 0.0, 0.0, 1.0],
                [-0.000256, -0.026024, 0.999661, -0.590001, -0.999586, -0.028743, -0.001005, 0.344582, 0.028759, -0.999248, -0.026006, 1.634134, 0.0, 0.0, 0.0, 1.0],
                [-0.000258, -0.026021, 0.999661, -0.590002, -0.99917, -0.040707, -0.001317, 0.346526, 0.040727, -0.998832, -0.025989, 1.671682, 0.0, 0.0, 0.0, 1.0],
                [-0.000259, -0.026019, 0.999661, -0.590002, -0.998476, -0.055169, -0.001695, 0.348905, 0.055194, -0.998138, -0.025965, 1.709041, 0.0, 0.0, 0.0, 1.0],
                [-0.000261, -0.026017, 0.999662, -0.590002, -0.997398, -0.072066, -0.002136, 0.351719, 0.072097, -0.99706, -0.025931, 1.746043, 0.0, 0.0, 0.0, 1.0],
                [-0.000262, -0.026016, 0.999662, -0.590003, -0.995817, -0.091328, -0.002638, 0.354971, 0.091366, -0.995481, -0.025883, 1.782519, 0.0, 0.0, 0.0, 1.0],
                [-0.000263, -0.026016, 0.999662, -0.590002, -0.993603, -0.112883, -0.003199, 0.358659, 0.112928, -0.993267, -0.02582, 1.818301, 0.0, 0.0, 0.0, 1.0],
                [-0.000264, -0.026017, 0.999662, -0.590002, -0.990612, -0.136649, -0.003818, 0.362787, 0.136702, -0.990278, -0.025736, 1.85322, 0.0, 0.0, 0.0, 1.0],
                [-0.000264, -0.026019, 0.999661, -0.590002, -0.986692, -0.162537, -0.004491, 0.367354, 0.162599, -0.986359, -0.02563, 1.887107, 0.0, 0.0, 0.0, 1.0],
                [-0.000263, -0.026023, 0.999661, -0.590001, -0.981683, -0.190448, -0.005216, 0.372361, 0.190519, -0.981352, -0.025496, 1.919795, 0.0, 0.0, 0.0, 1.0],
                [-0.000262, -0.026029, 0.999661, -0.59, -0.97542, -0.220273, -0.005991, 0.37781, 0.220354, -0.975091, -0.025332, 1.951113, 0.0, 0.0, 0.0, 1.0]
            ]
        },
        {
            "name": "B_Calf_R_IK",
            "time": [0.0, 0.0167, 0.0333, 0.05, 0.0667, 0.0833, 0.1, 0.1167, 0.1333, 0.15, 0.1667, 0.1833, 0.2, 0.2167, 0.2333, 0.25, 0.2667, 0.2833, 0.3, 0.3167, 0.3333, 0.35, 0.3667, 0.3833, 0.4, 0.4167, 0.4333, 0.45, 0.4667, 0.4833, 0.5, 0.5167, 0.5333, 0.55, 0.5667, 0.5833, 0.6, 0.6167, 0.6333, 0.65, 0.6667, 0.6833, 0.7, 0.7167, 0.7333, 0.75, 0.7667, 0.7833, 0.8, 0.8167, 0.8333, 0.85, 0.8667, 0.8833, 0.9, 0.9167, 0.9333, 0.95, 0.9667, 0.9833, 1.0, 1.0167, 1.0333, 1.05, 1.0667, 1.0833, 1.1, 1.1167, 1.1333, 1.15, 1.1667, 1.1833, 1.2, 1.2167, 1.2333, 1.25, 1.2667, 1.2833, 1.3, 1.3167, 1.3333, 1.35, 1.3667, 1.3833, 1.4, 1.4167, 1.4333, 1.45, 1.4667, 1.4833, 1.5, 1.5167, 1.5333, 1.55, 1.5667, 1.5833, 1.6, 1.6167, 1.6333, 1.65, 1.6667],
            "transform": [
                [-0.000231, 0.144246, -0.989542, 0.478847, 0.963093, -0.266322, -0.039047, 0.423722, -0.26917, -0.953029, -0.138861, 0.051072, 0.0, 0.0, 0.0, 1.0],
                [-0.000233, 0.144245, -0.989542, 0.478849, 0.981901, -0.187383, -0.027546, 0.402724, -0.189397, -0.971638, -0.141591, 0.079356, 0.0, 0.0, 0.0, 1.0],
                [-0.000232, 0.144245, -0.989542, 0.478847, 0.993117, -0.115867, -0.017122, 0.382628, -0.117125, -0.982735, -0.143226, 0.138643, 0.0, 0.0, 0.0, 1.0],
                [-0.000231, 0.144246, -0.989542, 0.478847, 0.998029, -0.062063, -0.00928, 0.366758, -0.062753, -0.987593, -0.143947, 0.197132, 0.0, 0.0, 0.0, 1.0],
                [-0.000231, 0.144246, -0.989542, 0.478847, 0.999568, -0.029047, -0.004468, 0.356504, -0.029388, -0.989115, -0.144177, 0.249203, 0.0, 0.0, 0.0, 1.0],
                [-0.000231, 0.144246, -0.989542, 0.478847, 0.999837, -0.017841, -0.002834, 0.352781, -0.018063, -0.989381, -0.144218, 0.295781, 0.0, 0.0, 0.0, 1.0],
                [-0.000231, 0.144246, -0.989542, 0.478847, 0.999834, -0.018014, -0.00286, 0.352647, -0.018238, -0.989378, -0.144218, 0.337768, 0.0, 0.0, 0.0, 1.0],
                [-0.000231, 0.144246, -0.989542, 0.478847, 0.999825, -0.018489, -0.002929, 0.352551, -0.018718, -0.989369, -0.144217, 0.375965, 0.0, 0.0, 0.0, 1.0],
                [-0.000231, 0.144246, -0.989542, 0.478847, 0.999811, -0.019198, -0.003032, 0.352486, -0.019435, -0.989355, -0.144215, 0.411152, 0.0, 0.0, 0.0, 1.0],
                [-0.000231, 0.144246, -0.989542, 0.478847, 0.999793, -0.020076, -0.00316, 0.352447, -0.020322, -0.989338, -0.144212, 0.444108, 0.0, 0.0, 0.0, 1.0],
                [-0.000231, 0.144246, -0.989542, 0.478847, 0.999773, -0.021055, -0.003302, 0.352427, -0.021311, -0.989318, -0.144209, 0.47561, 0.0, 0.0, 0.0, 1.0],
                [-0.000231, 0.144246, -0.989542, 0.478847, 0.999751, -0.022069, -0.00345, 0.35242, -0.022336, -0.989295, -0.144205, 0.506437, 0.0, 0.0, 0.0, 1.0],
                [-0.000231, 0.144246, -0.989542, 0.478847, 0.999728, -0.02305, -0.003593, 0.352419, -0.023327, -0.989273, -0.144202, 0.537368, 0.0, 0.0, 0.0, 1.0],
                [-0.000231, 0.144246, -0.989542, 0.478847, 0.999706, -0.023946, -0.003724, 0.352419, -0.024233, -0.989252, -0.144198, 0.569038, 0.0, 0.0, 0.0, 1.0],
                [-0.000231, 0.144246, -0.989542, 0.478847, 0.999686, -0.024762, -0.003843, 0.352426, -0.025058, -0.989232, -0.144195, 0.601511, 0.0, 0.0, 0.0, 1.0],
                [-0.000231, 0.144245, -0.989542, 0.478848, 0.999667, -0.025518, -0.003953, 0.352442, -0.025822, -0.989213, -0.144191, 0.634706, 0.0, 0.0, 0.0, 1.0],
                [-0.000231, 0.144245, -0.989542, 0.478848, 0.999648, -0.026234, -0.004057, 0.352475, -0.026544, -0.989194, -0.144188, 0.668544, 0.0, 0.0, 0.0, 1.0],
                [-0.000231, 0.144244, -0.989542, 0.478848, 0.999629, -0.026927, -0.004158, 0.352528, -0.027246, -0.989175, -0.144185, 0.702946, 0.0, 0.0, 0.0, 1.0],
                [-0.000231, 0.144244, -0.989542, 0.478848, 0.999609, -0.027619, -0.004259, 0.352607, -0.027945, -0.989156, -0.144181, 0.737831, 0.0, 0.0, 0.0, 1.0],
                [-0.000231, 0.144243, -0.989542, 0.478848, 0.999589, -0.028329, -0.004363, 0.352719, -0.028662, -0.989137, -0.144177, 0.773121, 0.0, 0.0, 0.0, 1.0],
                [-0.000231, 0.144242, -0.989542, 0.478848, 0.999567, -0.029075, -0.004471, 0.352866, -0.029416, -0.989115, -0.144173, 0.808734, 0.0, 0.0, 0.0, 1.0],
                [-0.000231, 0.144242, -0.989542, 0.478849, 0.999543, -0.029878, -0.004588, 0.353056, -0.030228, -0.989091, -0.144169, 0.844592, 0.0, 0.0, 0.0, 1.0],
                [-0.000231, 0.144241, -0.989543, 0.478849, 0.999516, -0.030757, -0.004717, 0.353293, -0.031116, -0.989064, -0.144164, 0.880614, 0.0, 0.0, 0.0, 1.0],
                [-0.000231, 0.14424, -0.989543, 0.478849, 0.999485, -0.031731, -0.004859, 0.353583, -0.0321, -0.989034, -0.144158, 0.916722, 0.0, 0.0, 0.0, 1.0],
                [-0.000231, 0.144239, -0.989543, 0.47885, 0.999449, -0.03282, -0.005017, 0.35393, -0.033201, -0.988998, -0.144152, 0.952834, 0.0, 0.0, 0.0, 1.0],
                [-0.000231, 0.144239, -0.989543, 0.47885, 0.999407, -0.034044, -0.005196, 0.35434, -0.034437, -0.988957, -0.144145, 0.988873, 0.0, 0.0, 0.0, 1.0],
                [-0.000231, 0.144238, -0.989543, 0.47885, 0.999358, -0.035421, -0.005397, 0.354818, -0.035829, -0.988909, -0.144137, 1.02477, 0.0, 0.0, 0.0, 1.0],
                [-0.000232, 0.144237, -0.989543, 0.47885, 0.9993, -0.036971, -0.005623, 0.35537, -0.037395, -0.988852, -0.144128, 1.060511, 0.0, 0.0, 0.0, 1.0],
                [-0.000232, 0.144236, -0.989543, 0.478851, 0.999233, -0.038713, -0.005877, 0.356, -0.039156, -0.988786, -0.144117, 1.096093, 0.0, 0.0, 0.0, 1.0],
                [-0.000232, 0.144236, -0.989543, 0.478851, 0.999154, -0.040668, -0.006162, 0.356715, -0.041131, -0.988707, -0.144104, 1.131514, 0.0, 0.0, 0.0, 1.0],
                [-0.000232, 0.144235, -0.989543, 0.478851, 0.99906, -0.042854, -0.006481, 0.357518, -0.04334, -0.988615, -0.144089, 1.166773, 0.0, 0.0, 0.0, 1.0],
                [-0.000232, 0.144234, -0.989543, 0.478851, 0.99895, -0.04529, -0.006836, 0.358416, -0.045803, -0.988506, -0.144072, 1.201866, 0.0, 0.0, 0.0, 1.0],
                [-0.000233, 0.144234, -0.989544, 0.478852, 0.998821, -0.047997, -0.007231, 0.359414, -0.048538, -0.988379, -0.144053, 1.236792, 0.0, 0.0, 0.0, 1.0],
                [-0.000233, 0.144233, -0.989544, 0.478852, 0.99867, -0.050993, -0.007668, 0.360517, -0.051565, -0.988229, -0.14403, 1.271549, 0.0, 0.0, 0.0, 1.0],
                [-0.000233, 0.144233, -0.989544, 0.478852, 0.998492, -0.054297, -0.00815, 0.36173, -0.054905, -0.988053, -0.144003, 1.306134, 0.0, 0.0, 0.0, 1.0],
                [-0.000234, 0.144233, -0.989544, 0.478852, 0.998283, -0.05793, -0.008679, 0.363058, -0.058576, -0.987846, -0.143972, 1.340545, 0.0, 0.0, 0.0, 1.0],
                [-0.000234, 0.144233, -0.989544, 0.478852, 0.998039, -0.061909, -0.00926, 0.364507, -0.062597, -0.987605, -0.143935, 1.37478, 0.0, 0.0, 0.0, 1.0],
                [-0.000234, 0.144233, -0.989544, 0.478852, 0.997754, -0.066255, -0.009893, 0.366082, -0.066989, -0.987323, -0.143893, 1.408837, 0.0, 0.0, 0.0, 1.0],
                [-0.000235, 0.144233, -0.989544, 0.478852, 0.997421, -0.070986, -0.010583, 0.367788, -0.07177, -0.986994, -0.143844, 1.442711, 0.0, 0.0, 0.0, 1.0],
                [-0.000235, 0.144233, -0.989544, 0.478852, 0.997034, -0.076121, -0.011332, 0.36963, -0.076959, -0.986611, -0.143787, 1.476386, 0.0, 0.0, 0.0, 1.0],
                [-0.000236, 0.144234, -0.989544, 0.478852, 0.996585, -0.081678, -0.012143, 0.371615, -0.082576, -0.986167, -0.143722, 1.509847, 0.0, 0.0, 0.0, 1.0],
                [-0.000236, 0.144234, -0.989543, 0.478852, 0.996064, -0.087678, -0.013018, 0.373746, -0.088638, -0.985651, -0.143646, 1.543074, 0.0, 0.0, 0.0, 1.0],
                [-0.000237, 0.144235, -0.989543, 0.478852, 0.995461, -0.094137, -0.01396, 0.376029, -0.095166, -0.985055, -0.143558, 1.576051, 0.0, 0.0, 0.0, 1.0],
                [-0.000237, 0.144236, -0.989543, 0.478851, 0.994766, -0.101074, -0.014971, 0.378469, -0.102177, -0.984368, -0.143457, 1.60876, 0.0, 0.0, 0.0, 1.0],
                [-0.000238, 0.144237, -0.989543, 0.478851, 0.993966, -0.108508, -0.016055, 0.381073, -0.109689, -0.983576, -0.143341, 1.641183, 0.0, 0.0, 0.0, 1.0],
                [-0.000239, 0.144238, -0.989543, 0.478851, 0.993047, -0.116455, -0.017214, 0.383844, -0.117721, -0.982666, -0.143207, 1.673304, 0.0, 0.0, 0.0, 1.0],
                [-0.000239, 0.14424, -0.989543, 0.47885, 0.991993, -0.124934, -0.018451, 0.386788, -0.126289, -0.981624, -0.143055, 1.705103, 0.0, 0.0, 0.0, 1.0],
                [-0.00024, 0.144242, -0.989542, 0.47885, 0.990789, -0.133961, -0.019767, 0.389911, -0.135411, -0.980433, -0.142881, 1.736565, 0.0, 0.0, 0.0, 1.0],
                [-0.000241, 0.144243, -0.989542, 0.478849, 0.989416, -0.143553, -0.021166, 0.393217, -0.145104, -0.979074, -0.142682, 1.767671, 0.0, 0.0, 0.0, 1.0],
                [-0.000241, 0.144246, -0.989542, 0.478848, 0.987854, -0.153725, -0.022649, 0.396712, -0.155384, -0.977528, -0.142457, 1.798403, 0.0, 0.0, 0.0, 1.0],
                [-0.000242, 0.144248, -0.989541, 0.478847, 0.986081, -0.164492, -0.02422, 0.400402, -0.166266, -0.975774, -0.1422, 1.828745, 0.0, 0.0, 0.0, 1.0],
                [-0.000243, 0.144905, -0.989446, 0.478841, 0.983531, -0.178796, -0.026427, 0.404627, -0.180738, -0.973157, -0.142475, 1.858623, 0.0, 0.0, 0.0, 1.0],
                [-0.000245, 0.146715, -0.989179, 0.478799, 0.979492, -0.199269, -0.029798, 0.409713, -0.201485, -0.968899, -0.143658, 1.887743, 0.0, 0.0, 0.0, 1.0],
                [-0.000247, 0.149449, -0.988769, 0.478688, 0.973651, -0.225444, -0.034318, 0.415636, -0.228041, -0.962725, -0.145455, 1.915753, 0.0, 0.0, 0.0, 1.0],
                [-0.000249, 0.152873, -0.988246, 0.478473, 0.965633, -0.256816, -0.039971, 0.422375, -0.259908, -0.954293, -0.147555, 1.942303, 0.0, 0.0, 0.0, 1.0],
                [-0.000251, 0.156757, -0.987637, 0.478119, 0.955019, -0.292841, -0.046722, 0.429907, -0.296544, -0.943224, -0.149633, 1.967042, 0.0, 0.0, 0.0, 1.0],
                [-0.000252, 0.16087, -0.986976, 0.477592, 0.941375, -0.332931, -0.054506, 0.43821, -0.337363, -0.929127, -0.151355, 1.98962, 0.0, 0.0, 0.0, 1.0],
                [-0.000252, 0.16498, -0.986297, 0.476856, 0.924274, -0.37646, -0.063208, 0.447261, -0.38173, -0.911624, -0.152392, 2.009687, 0.0, 0.0, 0.0, 1.0],
                [-0.000252, 0.168859, -0.98564, 0.475878, 0.903322, -0.422765, -0.072658, 0.457038, -0.428964, -0.890368, -0.152427, 2.026891, 0.0, 0.0, 0.0, 1.0],
                [-0.000249, 0.172276, -0.985049, 0.474623, 0.878175, -0.471149, -0.082622, 0.467518, -0.478339, -0.865066, -0.151171, 2.040883, 0.0, 0.0, 0.0, 1.0],
                [-0.000245, 0.175003, -0.984568, 0.473056, 0.848564, -0.520892, -0.092798, 0.47868, -0.529093, -0.835491, -0.148374, 2.051311, 0.0, 0.0, 0.0, 1.0],
                [-0.000239, 0.176812, -0.984245, 0.471142, 0.814303, -0.57126, -0.10282, 0.490501, -0.580439, -0.801498, -0.143842, 2.057824, 0.0, 0.0, 0.0, 1.0],
                [-0.000231, 0.177474, -0.984126, 0.468847, 0.775313, -0.621519, -0.112264, 0.502958, -0.631577, -0.763031, -0.137454, 2.060074, 0.0, 0.0, 0.0, 1.0],
                [0.003099, 0.176253, -0.98434, 0.465878, 0.731702, -0.671349, -0.117906, 0.515993, -0.681617, -0.719878, -0.131045, 2.060017, 0.0, 0.0, 0.0, 1.0],
                [0.012351, 0.172823, -0.984876, 0.462086, 0.684034, -0.719884, -0.117745, 0.529396, -0.729345, -0.672234, -0.127108, 2.059624, 0.0, 0.0, 0.0, 1.0],
                [0.026445, 0.167557, -0.985508, 0.457655, 0.633157, -0.765702, -0.113195, 0.542922, -0.773572, -0.620987, -0.126339, 2.058558, 0.0, 0.0, 0.0, 1.0],
                [0.0443, 0.160831, -0.985987, 0.452772, 0.580152, -0.807624, -0.105671, 0.556326, -0.813302, -0.567341, -0.129084, 2.056482, 0.0, 0.0, 0.0, 1.0],
