{
    "animation": [
        {
            "name": "Root",
            "time": [0.0, 0.0167, 0.0333, 0.05, 0.0667, 0.0833, 0.1, 0.1167, 0.1333, 0.15, 0.1667, 0.1833, 0.2, 0.2167, 0.2333, 0.25, 0.2667, 0.2833, 0.3, 0.3167, 0.3333, 0.35, 0.3667, 0.3833, 0.4, 0.4167, 0.4333, 0.45, 0.4667, 0.4833, 0.5, 0.5167, 0.5333, 0.55, 0.5667],
            "transform": [
                [1.0, 0.0, 0.0, 0.0, 0.0, 0.0, -1.0, 0.0, 0.0, 1.0, 0.0, 0.0, 0.0, 0.0, 0.0, 1.0],
                [1.0, 0.0, 0.0, 0.0, 0.0, 0.0, -1.0, 0.0, 0.0, 1.0, 0.0, 0.0, 0.0, 0.0, 0.0, 1.0],
                [1.0, 0.0, 0.0, 0.0, 0.0, 0.0, -1.0, 0.0, 0.0, 1.0, 0.0, 0.0, 0.0, 0.0, 0.0, 1.0],
                [1.0, 0.0, 0.0, 0.0, 0.0, 0.0, -1.0, 0.0, 0.0, 1.0, 0.0, 0.0, 0.0, 0.0, 0.0, 1.0],
                [1.0, 0.0, 0.0, 0.0, 0.0, 0.0, -1.0, 0.0, 0.0, 1.0, 0.0, 0.0, 0.0, 0.0, 0.0, 1.0],
                [1.0, 0.0, 0.0, 0.0, 0.0, 0.0, -1.0, 0.0, 0.0, 1.0, 0.0, 0.0, 0.0, 0.0, 0.0, 1.0],
                [1.0, 0.0, 0.0, 0.0, 0.0, 0.0, -1.0, 0.0, 0.0, 1.0, 0.0, 0.0, 0.0, 0.0, 0.0, 1.0],
                [1.0, 0.0, 0.0, 0.0, 0.0, 0.0, -1.0, 0.0, 0.0, 1.0, 0.0, 0.0, 0.0, 0.0, 0.0, 1.0],
                [1.0, 0.0, 0.0, 0.0, 0.0, 0.0, -1.0, 0.0, 0.0, 1.0, 0.0, 0.0, 0.0, 0.0, 0.0, 1.0],
                [1.0, 0.0, 0.0, 0.0, 0.0, 0.0, -1.0, 0.0, 0.0, 1.0, 0.0, 0.0, 0.0, 0.0, 0.0, 1.0],
                [1.0, 0.0, 0.0, 0.0, 0.0, 0.0, -1.0, 0.0, 0.0, 1.0, 0.0, 0.0, 0.0, 0.0, 0.0, 1.0],
                [1.0, 0.0, 0.0, 0.0, 0.0, 0.0, -1.0, 0.0, 0.0, 1.0, 0.0, 0.0, 0.0, 0.0, 0.0, 1.0],
                [1.0, 0.0, 0.0, 0.0, 0.0, 0.0, -1.0, 0.0, 0.0, 1.0, 0.0, 0.0, 0.0, 0.0, 0.0, 1.0],
                [1.0, 0.0, 0.0, 0.0, 0.0, 0.0, -1.0, 0.0, 0.0, 1.0, 0.0, 0.0, 0.0, 0.0, 0.0, 1.0],
                [1.0, 0.0, 0.0, 0.0, 0.0, 0.0, -1.0, 0.0, 0.0, 1.0, 0.0, 0.0, 0.0, 0.0, 0.0, 1.0],
                [1.0, 0.0, 0.0, 0.0, 0.0, 0.0, -1.0, 0.0, 0.0, 1.0, 0.0, 0.0, 0.0, 0.0, 0.0, 1.0],
                [1.0, 0.0, 0.0, 0.0, 0.0, 0.0, -1.0, 0.0, 0.0, 1.0, 0.0, 0.0, 0.0, 0.0, 0.0, 1.0],
                [1.0, 0.0, 0.0, 0.0, 0.0, 0.0, -1.0, 0.0, 0.0, 1.0, 0.0, 0.0, 0.0, 0.0, 0.0, 1.0],
                [1.0, 0.0, 0.0, 0.0, 0.0, 0.0, -1.0, 0.0, 0.0, 1.0, 0.0, 0.0, 0.0, 0.0, 0.0, 1.0],
                [1.0, 0.0, 0.0, 0.0, 0.0, 0.0, -1.0, 0.0, 0.0, 1.0, 0.0, 0.0, 0.0, 0.0, 0.0, 1.0],
                [1.0, 0.0, 0.0, 0.0, 0.0, 0.0, -1.0, 0.0, 0.0, 1.0, 0.0, 0.0, 0.0, 0.0, 0.0, 1.0],
                [1.0, 0.0, 0.0, 0.0, 0.0, 0.0, -1.0, 0.0, 0.0, 1.0, 0.0, 0.0, 0.0, 0.0, 0.0, 1.0],
                [1.0, 0.0, 0.0, 0.0, 0.0, 0.0, -1.0, 0.0, 0.0, 1.0, 0.0, 0.0, 0.0, 0.0, 0.0, 1.0],
                [1.0, 0.0, 0.0, 0.0, 0.0, 0.0, -1.0, 0.0, 0.0, 1.0, 0.0, 0.0, 0.0, 0.0, 0.0, 1.0],
                [1.0, 0.0, 0.0, 0.0, 0.0, 0.0, -1.0, 0.0, 0.0, 1.0, 0.0, 0.0, 0.0, 0.0, 0.0, 1.0],
                [1.0, 0.0, 0.0, 0.0, 0.0, 0.0, -1.0, 0.0, 0.0, 1.0, 0.0, 0.0, 0.0, 0.0, 0.0, 1.0],
                [1.0, 0.0, 0.0, 0.0, 0.0, 0.0, -1.0, 0.0, 0.0, 1.0, 0.0, 0.0, 0.0, 0.0, 0.0, 1.0],
                [1.0, 0.0, 0.0, 0.0, 0.0, 0.0, -1.0, 0.0, 0.0, 1.0, 0.0, 0.0, 0.0, 0.0, 0.0, 1.0],
                [1.0, 0.0, 0.0, 0.0, 0.0, 0.0, -1.0, 0.0, 0.0, 1.0, 0.0, 0.0, 0.0, 0.0, 0.0, 1.0],
                [1.0, 0.0, 0.0, 0.0, 0.0, 0.0, -1.0, 0.0, 0.0, 1.0, 0.0, 0.0, 0.0, 0.0, 0.0, 1.0],
                [1.0, 0.0, 0.0, 0.0, 0.0, 0.0, -1.0, 0.0, 0.0, 1.0, 0.0, 0.0, 0.0, 0.0, 0.0, 1.0],
                [1.0, 0.0, 0.0, 0.0, 0.0, 0.0, -1.0, 0.0, 0.0, 1.0, 0.0, 0.0, 0.0, 0.0, 0.0, 1.0],
                [1.0, 0.0, 0.0, 0.0, 0.0, 0.0, -1.0, 0.0, 0.0, 1.0, 0.0, 0.0, 0.0, 0.0, 0.0, 1.0],
                [1.0, 0.0, 0.0, 0.0, 0.0, 0.0, -1.0, 0.0, 0.0, 1.0, 0.0, 0.0, 0.0, 0.0, 0.0, 1.0],
                [1.0, 0.0, 0.0, 0.0, 0.0, 0.0, -1.0, 0.0, 0.0, 1.0, 0.0, 0.0, 0.0, 0.0, 0.0, 1.0]
            ]
        },
        {
            "name": "B_Calf_L_IK",
            "time": [0.0, 0.0167, 0.0333, 0.05, 0.0667, 0.0833, 0.1, 0.1167, 0.1333, 0.15, 0.1667, 0.1833, 0.2, 0.2167, 0.2333, 0.25, 0.2667, 0.2833, 0.3, 0.3167, 0.3333, 0.35, 0.3667, 0.3833, 0.4, 0.4167, 0.4333, 0.45, 0.4667, 0.4833, 0.5, 0.5167, 0.5333, 0.55, 0.5667],
            "transform": [
                [0.000914, -0.080888, 0.996723, -0.43, -0.994574, 0.103613, 0.009321, 0.485674, -0.104027, -0.991323, -0.080355, 0.079404, 0.0, 0.0, 0.0, 1.0],
                [-0.009322, -0.075919, 0.99707, -0.430006, -0.998023, 0.062685, -0.004557, 0.385491, -0.062156, -0.995141, -0.076353, 0.109038, 0.0, 0.0, 0.0, 1.0],
                [-0.010784, -0.070949, 0.997422, -0.43, -0.999784, 0.018513, -0.009493, 0.337464, -0.017791, -0.997308, -0.071134, 0.203709, 0.0, 0.0, 0.0, 1.0],
                [-0.010784, -0.070949, 0.997422, -0.43, -0.999845, 0.014639, -0.009769, 0.337466, -0.013908, -0.997372, -0.071096, 0.363713, 0.0, 0.0, 0.0, 1.0],
                [-0.010784, -0.070949, 0.997422, -0.43, -0.999875, 0.012289, -0.009936, 0.337481, -0.011552, -0.997404, -0.071073, 0.555911, 0.0, 0.0, 0.0, 1.0],
                [-0.010784, -0.070949, 0.997422, -0.43, -0.999888, 0.011082, -0.010022, 0.337521, -0.010342, -0.997418, -0.071061, 0.745982, 0.0, 0.0, 0.0, 1.0],
                [-0.010784, -0.070949, 0.997422, -0.43, -0.999893, 0.010637, -0.010054, 0.337598, -0.009896, -0.997423, -0.071056, 0.928314, 0.0, 0.0, 0.0, 1.0],
                [-0.010784, -0.070949, 0.997422, -0.43, -0.999894, 0.010574, -0.010059, 0.337726, -0.009833, -0.997424, -0.071056, 1.104475, 0.0, 0.0, 0.0, 1.0],
                [-0.010784, -0.070949, 0.997422, -0.43, -0.999894, 0.01051, -0.010063, 0.337916, -0.009769, -0.997424, -0.071055, 1.276035, 0.0, 0.0, 0.0, 1.0],
                [-0.010784, -0.070949, 0.997422, -0.43, -0.999898, 0.010066, -0.010095, 0.338182, -0.009323, -0.997429, -0.071051, 1.444559, 0.0, 0.0, 0.0, 1.0],
                [-0.010784, -0.070949, 0.997422, -0.43, -0.999909, 0.008859, -0.010181, 0.338535, -0.008114, -0.99744, -0.071038, 1.611616, 0.0, 0.0, 0.0, 1.0],
                [-0.010784, -0.070949, 0.997422, -0.43, -0.999925, 0.006509, -0.010348, 0.338989, -0.005758, -0.997459, -0.071014, 1.783916, 0.0, 0.0, 0.0, 1.0],
                [-0.010784, -0.070949, 0.997422, -0.43, -0.99994, 0.002634, -0.010624, 0.339555, -0.001874, -0.997476, -0.070974, 1.96298, 0.0, 0.0, 0.0, 1.0],
                [-0.00642, -0.070186, 0.997513, -0.429402, -0.959578, -0.280248, -0.025895, 0.370535, 0.281369, -0.957358, -0.06555, 2.078626, 0.0, 0.0, 0.0, 1.0],
                [0.00516, -0.068152, 0.997662, -0.427776, -0.722313, -0.690202, -0.043413, 0.44361, 0.691547, -0.7204, -0.052789, 2.139591, 0.0, 0.0, 0.0, 1.0],
                [0.021567, -0.065263, 0.997635, -0.425385, -0.541136, -0.839823, -0.043241, 0.532767, 0.840659, -0.538923, -0.053429, 2.174485, 0.0, 0.0, 0.0, 1.0],
                [0.040357, -0.061944, 0.997263, -0.422523, -0.48993, -0.871088, -0.03428, 0.619615, 0.870827, -0.487206, -0.065503, 2.18675, 0.0, 0.0, 0.0, 1.0],
                [0.059136, -0.058604, 0.996528, -0.419478, -0.452227, -0.891535, -0.025593, 0.690772, 0.88994, -0.449144, -0.079224, 2.183757, 0.0, 0.0, 0.0, 1.0],
                [0.075619, -0.055673, 0.995581, -0.416475, -0.409985, -0.911876, -0.019852, 0.745269, 0.908952, -0.406672, -0.09178, 2.168407, 0.0, 0.0, 0.0, 1.0],
                [0.087555, -0.05359, 0.994717, -0.413723, -0.375302, -0.926749, -0.016894, 0.785238, 0.922758, -0.37184, -0.101254, 2.131143, 0.0, 0.0, 0.0, 1.0],
                [0.092702, -0.052796, 0.994293, -0.411433, -0.36089, -0.932473, -0.015866, 0.812811, 0.927989, -0.357359, -0.105496, 2.062408, 0.0, 0.0, 0.0, 1.0],
                [0.093543, -0.052872, 0.99421, -0.409742, -0.361064, -0.93241, -0.015614, 0.829637, 0.927837, -0.357513, -0.106311, 1.955617, 0.0, 0.0, 0.0, 1.0],
                [0.094094, -0.053093, 0.994147, -0.408495, -0.362465, -0.931869, -0.015461, 0.83542, 0.927235, -0.358888, -0.106928, 1.81607, 0.0, 0.0, 0.0, 1.0],
                [0.094422, -0.053434, 0.994097, -0.407507, -0.366302, -0.930372, -0.015217, 0.809854, 0.925693, -0.362703, -0.10742, 1.651574, 0.0, 0.0, 0.0, 1.0],
                [0.094589, -0.053869, 0.994058, -0.406735, -0.373771, -0.927404, -0.014691, 0.753609, 0.922685, -0.370161, -0.107857, 1.46807, 0.0, 0.0, 0.0, 1.0],
                [0.094662, -0.054371, 0.994024, -0.40617, -0.386039, -0.922381, -0.013689, 0.697363, 0.917612, -0.382436, -0.108304, 1.271034, 0.0, 0.0, 0.0, 1.0],
                [0.094706, -0.054915, 0.99399, -0.405797, -0.404214, -0.914585, -0.012015, 0.671798, 0.909748, -0.400647, -0.108814, 1.065941, 0.0, 0.0, 0.0, 1.0],
                [0.094752, -0.055555, 0.99395, -0.40558, -0.506047, -0.862506, 3.3e-05, 0.680475, 0.857285, -0.502988, -0.109837, 0.859116, 0.0, 0.0, 0.0, 1.0],
                [0.094788, -0.0567, 0.993882, -0.405465, -0.699282, -0.714375, 0.025937, 0.699566, 0.708533, -0.697462, -0.107363, 0.660268, 0.0, 0.0, 0.0, 1.0],
                [0.094814, -0.058862, 0.993753, -0.40542, -0.876074, -0.479006, 0.055214, 0.718658, 0.472764, -0.875836, -0.096984, 0.479955, 0.0, 0.0, 0.0, 1.0],
                [0.09482, -0.062569, 0.993526, -0.405412, -0.970379, -0.228577, 0.078216, 0.727336, 0.222203, -0.971513, -0.082389, 0.328737, 0.0, 0.0, 0.0, 1.0],
                [0.083456, -0.068063, 0.994184, -0.409249, -0.995529, -0.049983, 0.080147, 0.709135, 0.044237, -0.996428, -0.07193, 0.214881, 0.0, 0.0, 0.0, 1.0],
                [0.056678, -0.07409, 0.99564, -0.417694, -0.996914, 0.05006, 0.060476, 0.658662, -0.054322, -0.995994, -0.071024, 0.137495, 0.0, 0.0, 0.0, 1.0],
                [0.025475, -0.078922, 0.996555, -0.426145, -0.995088, 0.093392, 0.032834, 0.58211, -0.095662, -0.992496, -0.076155, 0.093397, 0.0, 0.0, 0.0, 1.0],
                [0.000914, -0.080888, 0.996723, -0.43, -0.994574, 0.103613, 0.009321, 0.485674, -0.104027, -0.991323, -0.080355, 0.079404, 0.0, 0.0, 0.0, 1.0]
            ]
        },
        {
            "name": "B_Calf_R_IK",
            "time": [0.0, 0.0167, 0.0333, 0.05, 0.0667, 0.0833, 0.1, 0.1167, 0.1333, 0.15, 0.1667, 0.1833, 0.2, 0.2167, 0.2333, 0.25, 0.2667, 0.2833, 0.3, 0.3167, 0.3333, 0.35, 0.3667, 0.3833, 0.4, 0.4167, 0.4333, 0.45, 0.4667, 0.4833, 0.5, 0.5167, 0.5333, 0.55, 0.5667],
            "transform": [
                [0.000103, 0.058611, -0.998281, 0.377914, 0.742171, -0.669063, -0.039205, 0.899049, -0.670211, -0.740891, -0.043568, 0.592423, 0.0, 0.0, 0.0, 1.0],
                [-0.000955, 0.053747, -0.998554, 0.381179, 0.819817, -0.571756, -0.031559, 0.923384, -0.572625, -0.818661, -0.043516, 0.432635, 0.0, 0.0, 0.0, 1.0],
                [-0.001144, 0.048873, -0.998804, 0.384851, 0.88874, -0.457813, -0.023419, 0.93353, -0.458411, -0.887704, -0.042912, 0.274969, 0.0, 0.0, 0.0, 1.0],
                [-0.001313, 0.044065, -0.999028, 0.388813, 0.944886, -0.327024, -0.015666, 0.922563, -0.327397, -0.943988, -0.041207, 0.122992, 0.0, 0.0, 0.0, 1.0],
                [-0.001574, 0.039391, -0.999223, 0.39295, 0.983483, -0.180793, -0.008677, 0.890844, -0.180994, -0.982732, -0.038456, -0.015784, 0.0, 0.0, 0.0, 1.0],
                [-0.001856, 0.034917, -0.999388, 0.397145, 0.999756, -0.021924, -0.002623, 0.840152, -0.022002, -0.999149, -0.034868, -0.132866, 0.0, 0.0, 0.0, 1.0],
                [-0.002086, 0.030711, -0.999526, 0.401282, 0.989361, 0.145461, 0.002404, 0.772263, 0.145466, -0.988887, -0.030687, -0.219757, 0.0, 0.0, 0.0, 1.0],
                [-0.002214, 0.02684, -0.999637, 0.405245, 0.953539, 0.301211, 0.005976, 0.689554, 0.301262, -0.953179, -0.02626, -0.270079, 0.0, 0.0, 0.0, 1.0],
                [-0.002277, 0.023384, -0.999724, 0.408917, 0.928614, 0.37099, 0.006562, 0.596795, 0.371041, -0.928342, -0.022559, -0.285919, 0.0, 0.0, 0.0, 1.0],
                [-0.002323, 0.0204, -0.999789, 0.412181, 0.932495, 0.361145, 0.005202, 0.500809, 0.361175, -0.932286, -0.019862, -0.234567, 0.0, 0.0, 0.0, 1.0],
                [-0.002355, 0.017949, -0.999836, 0.414923, 0.956708, 0.291034, 0.002971, 0.414233, 0.29104, -0.956544, -0.017858, -0.115676, 0.0, 0.0, 0.0, 1.0],
                [-0.002373, 0.016115, -0.999867, 0.417027, 0.992858, 0.119306, -0.000434, 0.351313, 0.119283, -0.992727, -0.016283, 0.027172, 0.0, 0.0, 0.0, 1.0],
                [-0.002376, 0.01496, -0.999885, 0.418373, 0.99997, 0.007462, -0.002265, 0.326905, 0.007427, -0.99986, -0.014977, 0.187037, 0.0, 0.0, 0.0, 1.0],
                [-0.002377, 0.01456, -0.999891, 0.418847, 0.99997, 0.007456, -0.002269, 0.326855, 0.007422, -0.999866, -0.014577, 0.361917, 0.0, 0.0, 0.0, 1.0],
                [-0.002377, 0.01456, -0.999891, 0.418847, 0.99997, 0.007456, -0.002269, 0.326855, 0.007422, -0.999866, -0.014577, 0.53718, 0.0, 0.0, 0.0, 1.0],
                [-0.002377, 0.01456, -0.999891, 0.418847, 0.99997, 0.007456, -0.002269, 0.326855, 0.007422, -0.999866, -0.014577, 0.710941, 0.0, 0.0, 0.0, 1.0],
                [-0.002377, 0.01456, -0.999891, 0.418847, 0.99997, 0.007456, -0.002269, 0.326855, 0.007422, -0.999866, -0.014577, 0.885562, 0.0, 0.0, 0.0, 1.0],
                [-0.002377, 0.01456, -0.999891, 0.418847, 0.99997, 0.007456, -0.002269, 0.326855, 0.007422, -0.999866, -0.014577, 1.063405, 0.0, 0.0, 0.0, 1.0],
                [-0.002377, 0.01456, -0.999891, 0.418847, 0.99997, 0.007456, -0.002269, 0.326855, 0.007422, -0.999866, -0.014577, 1.240678, 0.0, 0.0, 0.0, 1.0],
                [0.000938, 0.0167, -0.99986, 0.417457, 0.992173, -0.124869, -0.001155, 0.343499, -0.124871, -0.992033, -0.016686, 1.397056, 0.0, 0.0, 0.0, 1.0],
                [0.008851, 0.02229, -0.999712, 0.41376, 0.914076, -0.405543, -0.000949, 0.389115, -0.405447, -0.913804, -0.023964, 1.538345, 0.0, 0.0, 0.0, 1.0],
                [0.018314, 0.030077, -0.99938, 0.408466, 0.75188, -0.659272, -0.006062, 0.457365, -0.659046, -0.751302, -0.034688, 1.66478, 0.0, 0.0, 0.0, 1.0],
                [0.026321, 0.038802, -0.9989, 0.402283, 0.608372, -0.793514, -0.014793, 0.542433, -0.793215, -0.607314, -0.044492, 1.72203, 0.0, 0.0, 0.0, 1.0],
                [0.029765, 0.047223, -0.998441, 0.395921, 0.576973, -0.816482, -0.021417, 0.637905, -0.81622, -0.575436, -0.051549, 1.718897, 0.0, 0.0, 0.0, 1.0],
                [0.029581, 0.054327, -0.998085, 0.389988, 0.569936, -0.821218, -0.027808, 0.734541, -0.821157, -0.568021, -0.055256, 1.696963, 0.0, 0.0, 0.0, 1.0],
                [0.028974, 0.060002, -0.997778, 0.384686, 0.559264, -0.828309, -0.033571, 0.817898, -0.828483, -0.557048, -0.057557, 1.64295, 0.0, 0.0, 0.0, 1.0],
                [0.027861, 0.064373, -0.997537, 0.380122, 0.546597, -0.836501, -0.038714, 0.854253, -0.836932, -0.544172, -0.058492, 1.567839, 0.0, 0.0, 0.0, 1.0],
                [0.026162, 0.067561, -0.997372, 0.376396, 0.533628, -0.844614, -0.043216, 0.84733, -0.845315, -0.531095, -0.058149, 1.485678, 0.0, 0.0, 0.0, 1.0],
                [0.023794, 0.06969, -0.997285, 0.373606, 0.522118, -0.851574, -0.04705, 0.8321, -0.852541, -0.519581, -0.056649, 1.396368, 0.0, 0.0, 0.0, 1.0],
                [0.020676, 0.07088, -0.997271, 0.371855, 0.513882, -0.85639, -0.050213, 0.816871, -0.857611, -0.511441, -0.054131, 1.296271, 0.0, 0.0, 0.0, 1.0],
                [0.016727, 0.071253, -0.997318, 0.371248, 0.510756, -0.858106, -0.052741, 0.809948, -0.859563, -0.508504, -0.050746, 1.181751, 0.0, 0.0, 0.0, 1.0],
                [0.012003, 0.070188, -0.997462, 0.371723, 0.531509, -0.845387, -0.053091, 0.81855, -0.846967, -0.529522, -0.047452, 1.05051, 0.0, 0.0, 0.0, 1.0],
                [0.007137, 0.067352, -0.997704, 0.37307, 0.585815, -0.808875, -0.050414, 0.84031, -0.810413, -0.58411, -0.045229, 0.905609, 0.0, 0.0, 0.0, 1.0],
                [0.00291, 0.063306, -0.99799, 0.375172, 0.660541, -0.749403, -0.045611, 0.869165, -0.750784, -0.659081, -0.043997, 0.751446, 0.0, 0.0, 0.0, 1.0],
                [0.000103, 0.058611, -0.998281, 0.377914, 0.742171, -0.669063, -0.039205, 0.899049, -0.670211, -0.740891, -0.043568, 0.592423, 0.0, 0.0, 0.0, 1.0]
            ]
        },
        {
            "name": "F_Foot_L_IK",
            "time": [0.0, 0.0167, 0.0333, 0.05, 0.0667, 0.0833, 0.1, 0.1167, 0.1333, 0.15, 0.1667, 0.1833, 0.2, 0.2167, 0.2333, 0.25, 0.2667, 0.2833, 0.3, 0.3167, 0.3333, 0.35, 0.3667, 0.3833, 0.4, 0.4167, 0.4333, 0.45, 0.4667, 0.4833, 0.5, 0.5167, 0.5333, 0.55, 0.5667],
            "transform": [
                [-0.035658, 0.010525, -0.999309, -0.520479, 0.092282, -0.995638, -0.013779, 1.316107, -0.995094, -0.092709, 0.034531, -1.786363, 0.0, 0.0, 0.0, 1.0],
                [-0.031624, 0.010818, -0.999441, -0.520711, 0.115629, -0.993188, -0.01441, 1.314976, -0.992789, -0.11602, 0.030157, -1.86352, 0.0, 0.0, 0.0, 1.0],
                [-0.026338, 0.009029, -0.999613, -0.521343, 0.193069, -0.981086, -0.013948, 1.307061, -0.980832, -0.193361, 0.024097, -1.935218, 0.0, 0.0, 0.0, 1.0],
                [-0.020168, 0.005745, -0.99978, -0.522282, 0.379165, -0.925238, -0.012966, 1.27601, -0.925109, -0.379343, 0.016482, -1.99098, 0.0, 0.0, 0.0, 1.0],
                [-0.013483, 0.001559, -0.999908, -0.523436, 0.596978, -0.802203, -0.009301, 1.214067, -0.802144, -0.597049, 0.009885, -2.029534, 0.0, 0.0, 0.0, 1.0],
                [-0.006649, -0.00294, -0.999974, -0.524712, 0.755535, -0.655101, -0.003098, 1.127348, -0.655074, -0.755536, 0.006577, -2.051912, 0.0, 0.0, 0.0, 1.0],
                [-3.8e-05, -0.007161, -0.999975, -0.526016, 0.812701, -0.582666, 0.004142, 1.021967, -0.582681, -0.81268, 0.005842, -2.059142, 0.0, 0.0, 0.0, 1.0],
                [0.005982, -0.010515, -0.999927, -0.527255, 0.809708, -0.58673, 0.011014, 0.903743, -0.586803, -0.809714, 0.005004, -2.03833, 0.0, 0.0, 0.0, 1.0],
                [0.011042, -0.012411, -0.999862, -0.528337, 0.803789, -0.594692, 0.016258, 0.777308, -0.594811, -0.803858, 0.003409, -1.973207, 0.0, 0.0, 0.0, 1.0],
                [0.014773, -0.012258, -0.999816, -0.529167, 0.799617, -0.600204, 0.019174, 0.646989, -0.600329, -0.799753, 0.000935, -1.859748, 0.0, 0.0, 0.0, 1.0],
                [0.015137, -0.006023, -0.999867, -0.529683, 0.7798, -0.625834, 0.015576, 0.51711, -0.625845, -0.779933, -0.004776, -1.69393, 0.0, 0.0, 0.0, 1.0],
                [0.012728, 0.004118, -0.999911, -0.529934, 0.602603, -0.798029, 0.004384, 0.401183, -0.79794, -0.602605, -0.012639, -1.481683, 0.0, 0.0, 0.0, 1.0],
                [0.011128, 0.009438, -0.999894, -0.53, 0.432802, -0.901482, -0.003692, 0.349355, -0.901421, -0.432714, -0.014117, -1.268809, 0.0, 0.0, 0.0, 1.0],
                [0.011128, 0.009438, -0.999894, -0.53, 0.432802, -0.901482, -0.003692, 0.349354, -0.901421, -0.432714, -0.014117, -1.092485, 0.0, 0.0, 0.0, 1.0],
                [0.011128, 0.009438, -0.999894, -0.53, 0.432802, -0.901482, -0.003692, 0.349354, -0.901421, -0.432714, -0.014117, -0.924424, 0.0, 0.0, 0.0, 1.0],
                [0.011128, 0.009438, -0.999894, -0.53, 0.432802, -0.901482, -0.003692, 0.349354, -0.901421, -0.432714, -0.014117, -0.753272, 0.0, 0.0, 0.0, 1.0],
                [0.011128, 0.009438, -0.999894, -0.53, 0.432802, -0.901482, -0.003692, 0.349354, -0.901421, -0.432714, -0.014117, -0.576558, 0.0, 0.0, 0.0, 1.0],
                [0.011128, 0.009438, -0.999894, -0.53, 0.432802, -0.901482, -0.003692, 0.349354, -0.901421, -0.432714, -0.014117, -0.391809, 0.0, 0.0, 0.0, 1.0],
                [0.011128, 0.009438, -0.999894, -0.53, 0.432802, -0.901482, -0.003692, 0.349354, -0.901421, -0.432714, -0.014117, -0.215577, 0.0, 0.0, 0.0, 1.0],
                [0.007322, 0.006997, -0.999949, -0.52967, -0.04941, -0.998751, -0.007351, 0.381643, -0.998752, 0.049461, -0.006968, -0.117062, 0.0, 0.0, 0.0, 1.0],
                [-0.002193, 0.000895, -0.999997, -0.528798, -0.51969, -0.854355, 0.000375, 0.442819, -0.854352, 0.51969, 0.002339, -0.090677, 0.0, 0.0, 0.0, 1.0],
                [-0.014563, -0.007037, -0.999869, -0.527565, -0.519404, -0.854421, 0.013579, 0.489484, -0.854405, 0.519533, 0.008788, -0.123227, 0.0, 0.0, 0.0, 1.0],
                [-0.02693, -0.014969, -0.999525, -0.526148, -0.517878, -0.855036, 0.026758, 0.518788, -0.855031, 0.518353, 0.015274, -0.212439, 0.0, 0.0, 0.0, 1.0],
                [-0.036439, -0.021068, -0.999114, -0.524725, -0.514186, -0.856888, 0.036822, 0.538018, -0.856904, 0.515072, 0.020391, -0.345655, 0.0, 0.0, 0.0, 1.0],
                [-0.040241, -0.023507, -0.998914, -0.523477, -0.507498, -0.860691, 0.040699, 0.554459, -0.860713, 0.508584, 0.022705, -0.510216, 0.0, 0.0, 0.0, 1.0],
                [-0.040409, -0.022692, -0.998926, -0.522539, -0.494012, -0.868547, 0.039714, 0.5754, -0.868515, 0.495086, 0.023887, -0.693465, 0.0, 0.0, 0.0, 1.0],
                [-0.040817, -0.020458, -0.998957, -0.521882, -0.468754, -0.882544, 0.037227, 0.60814, -0.882385, 0.469784, 0.026433, -0.882743, 0.0, 0.0, 0.0, 1.0],
                [-0.041324, -0.017122, -0.998999, -0.521435, -0.428843, -0.902768, 0.033212, 0.659975, -0.902433, 0.429786, 0.029963, -1.065394, 0.0, 0.0, 0.0, 1.0],
                [-0.041786, -0.012999, -0.999042, -0.521127, -0.370998, -0.928224, 0.027595, 0.738206, -0.927693, 0.371795, 0.033964, -1.22876, 0.0, 0.0, 0.0, 1.0],
                [-0.04206, -0.008407, -0.99908, -0.520896, -0.29353, -0.955732, 0.020399, 0.846174, -0.955024, 0.294118, 0.037731, -1.363381, 0.0, 0.0, 0.0, 1.0],
                [-0.042006, -0.003661, -0.999111, -0.520725, -0.202874, -0.97913, 0.012117, 0.971391, -0.978303, 0.203203, 0.040386, -1.472604, 0.0, 0.0, 0.0, 1.0],
                [-0.04148, 0.000921, -0.999139, -0.520606, -0.108612, -0.994078, 0.003592, 1.09741, -0.993219, 0.108667, 0.041335, -1.562969, 0.0, 0.0, 0.0, 1.0],
                [-0.040341, 0.005024, -0.999174, -0.520531, -0.021136, -0.999768, -0.004174, 1.207785, -0.998963, 0.02095, 0.040438, -1.641021, 0.0, 0.0, 0.0, 1.0],
                [-0.038448, 0.008331, -0.999226, -0.520491, 0.049133, -0.99874, -0.010217, 1.286072, -0.998052, -0.049488, 0.03799, -1.713304, 0.0, 0.0, 0.0, 1.0],
                [-0.035658, 0.010525, -0.999309, -0.520479, 0.092282, -0.995638, -0.013779, 1.315822, -0.995094, -0.092709, 0.034531, -1.786364, 0.0, 0.0, 0.0, 1.0]
            ]
        },
        {
            "name": "F_Foot_R_IK",
            "time": [0.0, 0.0167, 0.0333, 0.05, 0.0667, 0.0833, 0.1, 0.1167, 0.1333, 0.15, 0.1667, 0.1833, 0.2, 0.2167, 0.2333, 0.25, 0.2667, 0.2833, 0.3, 0.3167, 0.3333, 0.35, 0.3667, 0.3833, 0.4, 0.4167, 0.4333, 0.45, 0.4667, 0.4833, 0.5, 0.5167, 0.5333, 0.55, 0.5667],
            "transform": [
                [-0.117236, -0.07724, 0.990096, 0.516561, 0.44358, -0.896066, -0.017381, 0.911208, 0.888534, 0.437149, 0.139313, -0.827334, 0.0, 0.0, 0.0, 1.0],
                [-0.114703, -0.074294, 0.990618, 0.507346, 0.429327, -0.90297, -0.018009, 0.944339, 0.895836, 0.423233, 0.13547, -0.917449, 0.0, 0.0, 0.0, 1.0],
                [-0.111609, -0.069565, 0.991315, 0.498132, 0.38862, -0.921161, -0.020889, 0.973937, 0.914614, 0.382913, 0.129845, -1.002909, 0.0, 0.0, 0.0, 1.0],
                [-0.107774, -0.062703, 0.992196, 0.489665, 0.323397, -0.945942, -0.024652, 1.015503, 0.940106, 0.318216, 0.122226, -1.111217, 0.0, 0.0, 0.0, 1.0],
                [-0.103014, -0.053356, 0.993248, 0.482692, 0.23564, -0.971444, -0.027746, 1.067776, 0.966365, 0.231191, 0.112645, -1.244534, 0.0, 0.0, 0.0, 1.0],
                [-0.097145, -0.04117, 0.994419, 0.47796, 0.128059, -0.991356, -0.028534, 1.125307, 0.986997, 0.124572, 0.101577, -1.398679, 0.0, 0.0, 0.0, 1.0],
                [-0.089977, -0.025792, 0.99561, 0.476217, 0.004548, -0.999665, -0.025487, 1.182646, 0.995933, 0.002234, 0.090065, -1.569477, 0.0, 0.0, 0.0, 1.0],
                [-0.082306, -0.006768, 0.996584, 0.47728, -0.129571, -0.991417, -0.017434, 1.233828, 0.988148, -0.130563, 0.080722, -1.750143, 0.0, 0.0, 0.0, 1.0],
                [-0.075216, 0.015064, 0.997054, 0.480221, -0.267569, -0.963522, -0.005628, 1.270813, 0.960598, -0.267204, 0.076503, -1.923481, 0.0, 0.0, 0.0, 1.0],
                [-0.068959, 0.038105, 0.996892, 0.484663, -0.402291, -0.915484, 0.007165, 1.285043, 0.912911, -0.400546, 0.07846, -2.06969, 0.0, 0.0, 0.0, 1.0],
                [-0.063791, 0.060756, 0.996112, 0.490231, -0.52707, -0.84963, 0.018069, 1.28027, 0.847425, -0.523868, 0.086221, -2.173204, 0.0, 0.0, 0.0, 1.0],
                [-0.059976, 0.081426, 0.994873, 0.496549, -0.63655, -0.770839, 0.024715, 1.252132, 0.7689, -0.631804, 0.098064, -2.235394, 0.0, 0.0, 0.0, 1.0],
                [-0.05779, 0.098535, 0.993454, 0.503243, -0.727277, -0.685862, 0.02572, 1.179897, 0.683907, -0.72103, 0.111298, -2.261863, 0.0, 0.0, 0.0, 1.0],
                [-0.057513, 0.110522, 0.992208, 0.509937, -0.797908, -0.602419, 0.020853, 1.050502, 0.60003, -0.790491, 0.122833, -2.267975, 0.0, 0.0, 0.0, 1.0],
                [-0.059432, 0.115831, 0.991489, 0.516256, -0.848977, -0.528318, 0.010831, 0.881555, 0.525076, -0.841108, 0.129737, -2.268848, 0.0, 0.0, 0.0, 1.0],
                [-0.066878, 0.106746, 0.992035, 0.521824, -0.880875, -0.473273, -0.008459, 0.699093, 0.4686, -0.874424, 0.125682, -2.227858, 0.0, 0.0, 0.0, 1.0],
                [-0.079187, 0.084827, 0.993244, 0.526266, -0.891092, -0.452666, -0.032383, 0.532222, 0.446861, -0.887636, 0.111434, -2.132647, 0.0, 0.0, 0.0, 1.0],
                [-0.090669, 0.062493, 0.993919, 0.529206, -0.69439, -0.71937, -0.018114, 0.410683, 0.713864, -0.69181, 0.108619, -2.015245, 0.0, 0.0, 0.0, 1.0],
                [-0.095728, 0.052261, 0.994035, 0.53027, -0.422266, -0.906445, 0.006991, 0.363705, 0.901403, -0.419078, 0.10884, -1.869272, 0.0, 0.0, 0.0, 1.0],
                [-0.095728, 0.052261, 0.994035, 0.53027, -0.422266, -0.906445, 0.006991, 0.363705, 0.901403, -0.419078, 0.10884, -1.690696, 0.0, 0.0, 0.0, 1.0],
                [-0.095728, 0.052261, 0.994035, 0.53027, -0.422266, -0.906445, 0.006991, 0.363885, 0.901403, -0.419078, 0.10884, -1.512649, 0.0, 0.0, 0.0, 1.0],
                [-0.095728, 0.052261, 0.994035, 0.53027, -0.422266, -0.906445, 0.006991, 0.364219, 0.901403, -0.419078, 0.10884, -1.337673, 0.0, 0.0, 0.0, 1.0],
                [-0.095728, 0.052261, 0.994035, 0.53027, -0.422266, -0.906445, 0.006991, 0.364399, 0.901403, -0.419078, 0.10884, -1.159641, 0.0, 0.0, 0.0, 1.0],
                [-0.095728, 0.052261, 0.994035, 0.53027, -0.422266, -0.906445, 0.006991, 0.364289, 0.901403, -0.419078, 0.10884, -0.980739, 0.0, 0.0, 0.0, 1.0],
                [-0.095728, 0.052261, 0.994035, 0.53027, -0.422266, -0.906445, 0.006991, 0.364048, 0.901403, -0.419078, 0.10884, -0.806918, 0.0, 0.0, 0.0, 1.0],
                [-0.095728, 0.052261, 0.994035, 0.53027, -0.422266, -0.906445, 0.006991, 0.363811, 0.901403, -0.419078, 0.10884, -0.632696, 0.0, 0.0, 0.0, 1.0],
                [-0.095728, 0.052261, 0.994035, 0.53027, -0.422266, -0.906445, 0.006991, 0.363705, 0.901403, -0.419078, 0.10884, -0.455334, 0.0, 0.0, 0.0, 1.0],
                [-0.10222, 0.032749, 0.994223, 0.531552, -0.117469, -0.992862, 0.020627, 0.381779, 0.987802, -0.114681, 0.105337, -0.382347, 0.0, 0.0, 0.0, 1.0],
                [-0.115792, -0.010472, 0.993219, 0.534373, 0.295089, -0.95516, 0.024331, 0.432953, 0.948427, 0.295906, 0.11369, -0.371921, 0.0, 0.0, 0.0, 1.0],
                [-0.127756, -0.054313, 0.990318, 0.537194, 0.404047, -0.914736, 0.001956, 0.511228, 0.905773, 0.400385, 0.138808, -0.378903, 0.0, 0.0, 0.0, 1.0],
                [-0.129827, -0.075741, 0.98864, 0.538476, 0.421139, -0.906885, -0.014174, 0.604892, 0.897656, 0.414515, 0.149636, -0.408617, 0.0, 0.0, 0.0, 1.0],
                [-0.125151, -0.077848, 0.989079, 0.536733, 0.426278, -0.904428, -0.017247, 0.7008, 0.895893, 0.419464, 0.146375, -0.474215, 0.0, 0.0, 0.0, 1.0],
                [-0.121893, -0.07888, 0.989404, 0.532001, 0.4339, -0.900774, -0.018358, 0.787313, 0.892677, 0.427065, 0.144024, -0.581791, 0.0, 0.0, 0.0, 1.0],
                [-0.119455, -0.078717, 0.989714, 0.525028, 0.440743, -0.897449, -0.018182, 0.858818, 0.88965, 0.434037, 0.141899, -0.709223, 0.0, 0.0, 0.0, 1.0],
                [-0.117236, -0.07724, 0.990096, 0.516561, 0.44358, -0.896066, -0.017381, 0.911208, 0.888534, 0.437149, 0.139313, -0.827334, 0.0, 0.0, 0.0, 1.0]
            ]
        },
        {
            "name": "B_Foot_R_IK",
            "time": [0.0, 0.0167, 0.0333, 0.05, 0.0667, 0.0833, 0.1, 0.1167, 0.1333, 0.15, 0.1667, 0.1833, 0.2, 0.2167, 0.2333, 0.25, 0.2667, 0.2833, 0.3, 0.3167, 0.3333, 0.35, 0.3667, 0.3833, 0.4, 0.4167, 0.4333, 0.45, 0.4667, 0.4833, 0.5, 0.5167, 0.5333, 0.55, 0.5667],
            "transform": [
                [0.049649, 0.031149, -0.998281, 0.377914, -0.166735, -0.985229, -0.039034, 0.899047, -0.984751, 0.168386, -0.043722, 0.592421, 0.0, 0.0, 0.0, 1.0],
                [0.044976, 0.029434, -0.998555, 0.381179, -0.042965, -0.998584, -0.03137, 0.923382, -0.998064, 0.044314, -0.043648, 0.432632, 0.0, 0.0, 0.0, 1.0],
                [0.040762, 0.026979, -0.998805, 0.38485, 0.090168, -0.995656, -0.023214, 0.933529, -0.995092, -0.089114, -0.043017, 0.274966, 0.0, 0.0, 0.0, 1.0],
                [0.036613, 0.024543, -0.999028, 0.388813, 0.230669, -0.97291, -0.015448, 0.922562, -0.972343, -0.22988, -0.041283, 0.12299, 0.0, 0.0, 0.0, 1.0],
                [0.032527, 0.022258, -0.999223, 0.39295, 0.374794, -0.927069, -0.00845, 0.890844, -0.926537, -0.374228, -0.038497, -0.015787, 0.0, 0.0, 0.0, 1.0],
                [0.0286, 0.020097, -0.999389, 0.397145, 0.517615, -0.85561, -0.002393, 0.840153, -0.855136, -0.51723, -0.034873, -0.132868, 0.0, 0.0, 0.0, 1.0],
                [0.024926, 0.018035, -0.999527, 0.401282, 0.653323, -0.757075, 0.002632, 0.772264, -0.756669, -0.653079, -0.030653, -0.219759, 0.0, 0.0, 0.0, 1.0],
                [0.021591, 0.016067, -0.999638, 0.405245, 0.765575, -0.643317, 0.006195, 0.689555, -0.642985, -0.765431, -0.02619, -0.270081, 0.0, 0.0, 0.0, 1.0],
                [0.018639, 0.014267, -0.999725, 0.408917, 0.811106, -0.58486, 0.006776, 0.596796, -0.584602, -0.811009, -0.022474, -0.28592, 0.0, 0.0, 0.0, 1.0],
                [0.016096, 0.012705, -0.99979, 0.412181, 0.804878, -0.593416, 0.005417, 0.500809, -0.593222, -0.804796, -0.019778, -0.234569, 0.0, 0.0, 0.0, 1.0],
                [0.014011, 0.011418, -0.999837, 0.414923, 0.758684, -0.651451, 0.003192, 0.414233, -0.651308, -0.758605, -0.01779, -0.115678, 0.0, 0.0, 0.0, 1.0],
                [0.012453, 0.01045, -0.999868, 0.417026, 0.633121, -0.774053, -0.000205, 0.351313, -0.773953, -0.633035, -0.016256, 0.02717, 0.0, 0.0, 0.0, 1.0],
                [0.011476, 0.009833, -0.999886, 0.418372, 0.542532, -0.840033, -0.002035, 0.326905, -0.839957, -0.542447, -0.014975, 0.187034, 0.0, 0.0, 0.0, 1.0],
                [0.011138, 0.009619, -0.999892, 0.418847, 0.542527, -0.840036, -0.002039, 0.326854, -0.839964, -0.542446, -0.014575, 0.361915, 0.0, 0.0, 0.0, 1.0],
                [0.011138, 0.009619, -0.999892, 0.418847, 0.542527, -0.840036, -0.002039, 0.326854, -0.839964, -0.542446, -0.014575, 0.537178, 0.0, 0.0, 0.0, 1.0],
                [0.011138, 0.009619, -0.999892, 0.418847, 0.542527, -0.840036, -0.002039, 0.326855, -0.839964, -0.542446, -0.014575, 0.710939, 0.0, 0.0, 0.0, 1.0],
                [0.011138, 0.009619, -0.999892, 0.418847, 0.542527, -0.840036, -0.002039, 0.326854, -0.839964, -0.542446, -0.014575, 0.885561, 0.0, 0.0, 0.0, 1.0],
                [0.011138, 0.009619, -0.999892, 0.418847, 0.542527, -0.840036, -0.002039, 0.326853, -0.839964, -0.542446, -0.014575, 1.063403, 0.0, 0.0, 0.0, 1.0],
                [0.011138, 0.009619, -0.999892, 0.418847, 0.542527, -0.840036, -0.002039, 0.326854, -0.839964, -0.542446, -0.014575, 1.240676, 0.0, 0.0, 0.0, 1.0],
                [0.014722, 0.007969, -0.99986, 0.417457, 0.426656, -0.904413, -0.000926, 0.343497, -0.904294, -0.426583, -0.016715, 1.397055, 0.0, 0.0, 0.0, 1.0],
                [0.023684, 0.004287, -0.999711, 0.41376, 0.147871, -0.989007, -0.000738, 0.389114, -0.988723, -0.147811, -0.024058, 1.538343, 0.0, 0.0, 0.0, 1.0],
                [0.035331, 0.000476, -0.999376, 0.408466, -0.153269, -0.988167, -0.005889, 0.457364, -0.987553, 0.153381, -0.03484, 1.664779, 0.0, 0.0, 0.0, 1.0],
                [0.046988, -0.001604, -0.998894, 0.402283, -0.343531, -0.939027, -0.014653, 0.542432, -0.937965, 0.34384, -0.044674, 1.722029, 0.0, 0.0, 0.0, 1.0],
                [0.055944, 6e-06, -0.998434, 0.395921, -0.379755, -0.924842, -0.021284, 0.637904, -0.923394, 0.380351, -0.051737, 1.718895, 0.0, 0.0, 0.0, 1.0],
                [0.061841, 0.00397, -0.998078, 0.389988, -0.387526, -0.921443, -0.027676, 0.73454, -0.919782, 0.388493, -0.055445, 1.696961, 0.0, 0.0, 0.0, 1.0],
                [0.066306, 0.007526, -0.997771, 0.384686, -0.399233, -0.91624, -0.033442, 0.817897, -0.914449, 0.40056, -0.057747, 1.642949, 0.0, 0.0, 0.0, 1.0],
                [0.069398, 0.010809, -0.997531, 0.380122, -0.412939, -0.909941, -0.038588, 0.854251, -0.908111, 0.414597, -0.058685, 1.567838, 0.0, 0.0, 0.0, 1.0],
                [0.071178, 0.013953, -0.997366, 0.376396, -0.426741, -0.903347, -0.043093, 0.847327, -0.901568, 0.428684, -0.058344, 1.485678, 0.0, 0.0, 0.0, 1.0],
                [0.071705, 0.017093, -0.99728, 0.373605, -0.438788, -0.897365, -0.04693, 0.832098, -0.895726, 0.440959, -0.056845, 1.396367, 0.0, 0.0, 0.0, 1.0],
                [0.071037, 0.020363, -0.997266, 0.371855, -0.447268, -0.892996, -0.050094, 0.816869, -0.891575, 0.449603, -0.054328, 1.29627, 0.0, 0.0, 0.0, 1.0],
                [0.069235, 0.023897, -0.997314, 0.371248, -0.450393, -0.891279, -0.052623, 0.809946, -0.890142, 0.452826, -0.050944, 1.18175, 0.0, 0.0, 0.0, 1.0],
                [0.065802, 0.027313, -0.997459, 0.371723, -0.428529, -0.901974, -0.052968, 0.818547, -0.901129, 0.430925, -0.047647, 1.050508, 0.0, 0.0, 0.0, 1.0],
                [0.060799, 0.029899, -0.997702, 0.373069, -0.368589, -0.928232, -0.050279, 0.840308, -0.927602, 0.370799, -0.045415, 0.905607, 0.0, 0.0, 0.0, 1.0],
                [0.055118, 0.031297, -0.997989, 0.375172, -0.27832, -0.959412, -0.045459, 0.869162, -0.958906, 0.280266, -0.04417, 0.751444, 0.0, 0.0, 0.0, 1.0],
                [0.049649, 0.031149, -0.998281, 0.377914, -0.166735, -0.985229, -0.039034, 0.899047, -0.984751, 0.168386, -0.043722, 0.592421, 0.0, 0.0, 0.0, 1.0]
            ]
        },
        {
            "name": "B_Foot_L_IK",
            "time": [0.0, 0.0167, 0.0333, 0.05, 0.0667, 0.0833, 0.1, 0.1167, 0.1333, 0.15, 0.1667, 0.1833, 0.2, 0.2167, 0.2333, 0.25, 0.2667, 0.2833, 0.3, 0.3167, 0.3333, 0.35, 0.3667, 0.3833, 0.4, 0.4167, 0.4333, 0.45, 0.4667, 0.4833, 0.5, 0.5167, 0.5333, 0.55, 0.5667],
            "transform": [
                [0.068888, -0.042411, 0.996723, -0.43, -0.620794, -0.783915, 0.00955, 0.485674, 0.780941, -0.619418, -0.080331, 0.079404, 0.0, 0.0, 0.0, 1.0],
                [0.059204, -0.048385, 0.997073, -0.430006, -0.588101, -0.808776, -0.004328, 0.385492, 0.806618, -0.586123, -0.076338, 0.109038, 0.0, 0.0, 0.0, 1.0],
                [0.054225, -0.046955, 0.997424, -0.43, -0.551761, -0.833951, -0.009262, 0.337465, 0.832238, -0.549837, -0.071129, 0.203708, 0.0, 0.0, 0.0, 1.0],
                [0.054226, -0.046955, 0.997424, -0.43, -0.548524, -0.83608, -0.009539, 0.337467, 0.834375, -0.546594, -0.071093, 0.363712, 0.0, 0.0, 0.0, 1.0],
                [0.054226, -0.046955, 0.997424, -0.43, -0.546557, -0.837366, -0.009706, 0.337481, 0.835665, -0.544622, -0.07107, 0.55591, 0.0, 0.0, 0.0, 1.0],
                [0.054226, -0.046955, 0.997424, -0.43, -0.545545, -0.838024, -0.009792, 0.337521, 0.836325, -0.543609, -0.071058, 0.74598, 0.0, 0.0, 0.0, 1.0],
                [0.054226, -0.046955, 0.997424, -0.43, -0.545172, -0.838267, -0.009824, 0.337598, 0.836569, -0.543235, -0.071054, 0.928312, 0.0, 0.0, 0.0, 1.0],
                [0.054225, -0.046955, 0.997424, -0.43, -0.545119, -0.838301, -0.009828, 0.337725, 0.836603, -0.543182, -0.071053, 1.104474, 0.0, 0.0, 0.0, 1.0],
                [0.054226, -0.046955, 0.997424, -0.43, -0.545066, -0.838336, -0.009833, 0.337915, 0.836638, -0.543129, -0.071053, 1.276033, 0.0, 0.0, 0.0, 1.0],
                [0.054225, -0.046955, 0.997424, -0.43, -0.544693, -0.838578, -0.009865, 0.338181, 0.836881, -0.542755, -0.071048, 1.444558, 0.0, 0.0, 0.0, 1.0],
                [0.054225, -0.046955, 0.997424, -0.43, -0.54368, -0.839234, -0.009951, 0.338534, 0.837539, -0.54174, -0.071036, 1.611615, 0.0, 0.0, 0.0, 1.0],
                [0.054226, -0.046955, 0.997424, -0.43, -0.541705, -0.840508, -0.010118, 0.338988, 0.838818, -0.539761, -0.071013, 1.783916, 0.0, 0.0, 0.0, 1.0],
                [0.054225, -0.046955, 0.997424, -0.43, -0.538443, -0.842598, -0.010394, 0.339555, 0.840916, -0.536492, -0.070973, 1.962979, 0.0, 0.0, 0.0, 1.0],
                [0.055921, -0.042862, 0.997515, -0.429402, -0.278031, -0.960229, -0.025674, 0.370535, 0.958943, -0.275904, -0.065614, 2.078626, 0.0, 0.0, 0.0, 1.0],
                [0.060415, -0.031997, 0.997661, -0.427776, 0.195225, -0.979805, -0.043247, 0.44361, 0.978896, 0.197382, -0.052948, 2.139591, 0.0, 0.0, 0.0, 1.0],
                [0.066774, -0.016599, 0.99763, -0.425385, 0.418671, -0.907114, -0.043116, 0.532766, 0.90568, 0.420558, -0.053622, 2.174484, 0.0, 0.0, 0.0, 1.0],
                [0.074049, 0.001041, 0.997254, -0.422523, 0.47252, -0.880657, -0.034167, 0.619614, 0.878204, 0.473753, -0.065703, 2.186749, 0.0, 0.0, 0.0, 1.0],
                [0.0813, 0.018682, 0.996515, -0.419478, 0.509999, -0.859798, -0.025488, 0.690771, 0.856325, 0.510293, -0.079429, 2.183756, 0.0, 0.0, 0.0, 1.0],
                [0.087664, 0.034166, 0.995564, -0.416475, 0.54982, -0.835049, -0.019757, 0.745268, 0.83067, 0.549113, -0.091989, 2.168406, 0.0, 0.0, 0.0, 1.0],
                [0.092307, 0.045357, 0.994697, -0.413723, 0.580973, -0.813749, -0.016808, 0.785236, 0.808672, 0.579443, -0.101466, 2.131142, 0.0, 0.0, 0.0, 1.0],
                [0.094397, 0.050128, 0.994272, -0.411433, 0.593534, -0.804655, -0.015782, 0.81281, 0.799254, 0.591624, -0.10571, 2.062407, 0.0, 0.0, 0.0, 1.0],
                [0.094912, 0.050797, 0.994189, -0.409742, 0.593387, -0.804768, -0.01553, 0.829636, 0.799302, 0.591413, -0.106524, 1.955616, 0.0, 0.0, 0.0, 1.0],
                [0.095394, 0.051144, 0.994125, -0.408495, 0.592179, -0.80566, -0.015377, 0.835418, 0.80014, 0.590167, -0.107142, 1.81607, 0.0, 0.0, 0.0, 1.0],
                [0.095858, 0.051237, 0.994076, -0.407506, 0.588858, -0.808095, -0.015132, 0.809851, 0.802532, 0.586819, -0.107633, 1.651574, 0.0, 0.0, 0.0, 1.0],
                [0.096314, 0.051145, 0.994036, -0.406735, 0.582348, -0.812809, -0.014604, 0.753606, 0.807214, 0.580281, -0.10807, 1.468069, 0.0, 0.0, 0.0, 1.0],
                [0.096777, 0.050938, 0.994002, -0.406169, 0.571529, -0.820469, -0.0136, 0.697361, 0.814855, 0.569417, -0.108515, 1.271033, 0.0, 0.0, 0.0, 1.0],
                [0.09726, 0.050683, 0.993968, -0.405797, 0.555203, -0.83163, -0.011922, 0.671795, 0.826009, 0.553013, -0.109023, 1.06594, 0.0, 0.0, 0.0, 1.0],
                [0.097824, 0.050378, 0.993928, -0.405579, 0.456638, -0.889653, 0.00015, 0.680474, 0.884258, 0.453851, -0.110035, 0.859115, 0.0, 0.0, 0.0, 1.0],
                [0.09881, 0.049795, 0.99386, -0.405464, 0.227988, -0.973314, 0.026099, 0.699566, 0.968637, 0.224009, -0.107526, 0.660266, 0.0, 0.0, 0.0, 1.0],
                [0.10065, 0.048657, 0.993732, -0.405419, -0.065479, -0.996314, 0.055416, 0.718657, 0.992765, -0.070646, -0.097093, 0.479953, 0.0, 0.0, 0.0, 1.0],
                [0.103781, 0.046675, 0.993505, -0.405412, -0.327424, -0.941616, 0.07844, 0.727335, 0.939161, -0.333438, -0.08244, 0.328734, 0.0, 0.0, 0.0, 1.0],
                [0.102325, 0.034136, 0.994165, -0.409249, -0.491654, -0.867073, 0.080376, 0.709135, 0.864758, -0.49701, -0.07194, 0.214879, 0.0, 0.0, 0.0, 1.0],
                [0.093053, 0.008303, 0.995627, -0.417694, -0.576841, -0.814598, 0.060705, 0.658662, 0.811539, -0.579967, -0.071012, 0.137493, 0.0, 0.0, 0.0, 1.0],
                [0.080399, -0.020625, 0.99655, -0.426144, -0.612441, -0.789825, 0.033063, 0.58211, 0.786418, -0.612985, -0.076133, 0.093395, 0.0, 0.0, 0.0, 1.0],
