{
    "animation": [
        {
            "name": "Root",
            "time": [0.0, 0.0167, 0.0333, 0.05, 0.0667, 0.0833, 0.1, 0.1167, 0.1333, 0.15, 0.1667, 0.1833, 0.2, 0.2167, 0.2333, 0.25, 0.2667, 0.2833, 0.3, 0.3167, 0.3333, 0.35, 0.3667, 0.3833, 0.4, 0.4167, 0.4333, 0.45, 0.4667, 0.4833, 0.5, 0.5167, 0.5333, 0.55, 0.5667, 0.5833, 0.6, 0.6167, 0.6333, 0.65, 0.6667, 0.6833, 0.7, 0.7167, 0.7333, 0.75, 0.7667, 0.7833, 0.8, 0.8167, 0.8333, 0.85, 0.8667, 0.8833, 0.9, 0.9167, 0.9333, 0.95, 0.9667, 0.9833, 1.0, 1.0167, 1.0333, 1.05, 1.0667, 1.0833, 1.1, 1.1167, 1.1333, 1.15, 1.1667, 1.1833, 1.2, 1.2167, 1.2333, 1.25, 1.2667, 1.2833, 1.3, 1.3167, 1.3333, 1.35, 1.3667, 1.3833, 1.4, 1.4167, 1.4333, 1.45, 1.4667, 1.4833, 1.5, 1.5167, 1.5333, 1.55, 1.5667, 1.5833, 1.6, 1.6167, 1.6333, 1.65, 1.6667, 1.6833, 1.7, 1.7167, 1.7333, 1.75, 1.7667, 1.7833, 1.8, 1.8167, 1.8333, 1.85, 1.8667, 1.8833, 1.9, 1.9167, 1.9333, 1.95, 1.9667, 1.9833, 2.0, 2.0167, 2.0333, 2.05, 2.0667, 2.0833, 2.1, 2.1167, 2.1333, 2.15, 2.1667, 2.1833, 2.2, 2.2167, 2.2333, 2.25, 2.2667, 2.2833, 2.3, 2.3167, 2.3333, 2.35, 2.3667, 2.3833, 2.4, 2.4167, 2.4333, 2.45, 2.4667, 2.4833, 2.5, 2.5167, 2.5333, 2.55, 2.5667, 2.5833, 2.6, 2.6167, 2.6333, 2.65, 2.6667, 2.6833, 2.7, 2.7167, 2.7333, 2.75, 2.7667, 2.7833, 2.8, 2.8167, 2.8333, 2.85, 2.8667, 2.8833, 2.9, 2.9167, 2.9333, 2.95, 2.9667, 2.9833, 3.0, 3.0167, 3.0333, 3.05, 3.0667, 3.0833, 3.1, 3.1167, 3.1333, 3.15, 3.1667, 3.1833, 3.2, 3.2167, 3.2333, 3.25, 3.2667, 3.2833, 3.3, 3.3167, 3.3333, 3.35, 3.3667, 3.3833, 3.4, 3.4167, 3.4333, 3.45, 3.4667, 3.4833, 3.5, 3.5167, 3.5333, 3.55, 3.5667, 3.5833, 3.6, 3.6167, 3.6333, 3.65, 3.6667, 3.6833, 3.7, 3.7167, 3.7333, 3.75, 3.7667, 3.7833, 3.8, 3.8167, 3.8333, 3.85, 3.8667, 3.8833, 3.9, 3.9167, 3.9333, 3.95, 3.9667, 3.9833, 4.0, 4.0167, 4.0333, 4.05, 4.0667, 4.0833, 4.1, 4.1167, 4.1333, 4.15, 4.1667, 4.1833, 4.2, 4.2167, 4.2333, 4.25, 4.2667, 4.2833, 4.3, 4.3167, 4.3333],
            "transform": [
                [1.0, 0.0, 0.0, 0.0, 0.0, 0.0, -1.0, 0.0, 0.0, 1.0, 0.0, 0.0, 0.0, 0.0, 0.0, 1.0],
                [1.0, 0.0, 0.0, 0.0, 0.0, 0.0, -1.0, 0.00242, 0.0, 1.0, 0.0, 0.0, 0.0, 0.0, 0.0, 1.0],
                [1.0, 0.0, 0.0, 0.0, 0.0, 0.0, -1.0, 0.00928, 0.0, 1.0, 0.0, 0.0, 0.0, 0.0, 0.0, 1.0],
                [1.0, 0.0, 0.0, 0.0, 0.0, 0.0, -1.0, 0.019977, 0.0, 1.0, 0.0, 0.0, 0.0, 0.0, 0.0, 1.0],
                [1.0, 0.0, 0.0, 0.0, 0.0, 0.0, -1.0, 0.03391, 0.0, 1.0, 0.0, 0.0, 0.0, 0.0, 0.0, 1.0],
                [1.0, 0.0, 0.0, 0.0, 0.0, 0.0, -1.0, 0.050477, 0.0, 1.0, 0.0, 0.0, 0.0, 0.0, 0.0, 1.0],
                [1.0, 0.0, 0.0, 0.0, 0.0, 0.0, -1.0, 0.069075, 0.0, 1.0, 0.0, 0.0, 0.0, 0.0, 0.0, 1.0],
                [1.0, 0.0, 0.0, 0.0, 0.0, 0.0, -1.0, 0.089103, 0.0, 1.0, 0.0, 0.0, 0.0, 0.0, 0.0, 1.0],
                [1.0, 0.0, 0.0, 0.0, 0.0, 0.0, -1.0, 0.109958, 0.0, 1.0, 0.0, 0.0, 0.0, 0.0, 0.0, 1.0],
                [1.0, 0.0, 0.0, 0.0, 0.0, 0.0, -1.0, 0.131039, 0.0, 1.0, 0.0, 0.0, 0.0, 0.0, 0.0, 1.0],
                [1.0, 0.0, 0.0, 0.0, 0.0, 0.0, -1.0, 0.151744, 0.0, 1.0, 0.0, 0.0, 0.0, 0.0, 0.0, 1.0],
                [1.0, 0.0, 0.0, 3e-06, 0.0, 0.0, -1.0, 0.172257, 0.0, 1.0, 0.0, 0.0, 0.0, 0.0, 0.0, 1.0],
                [1.0, 0.0, 0.0, 2e-05, 0.0, 0.0, -1.0, 0.193079, 0.0, 1.0, 0.0, 0.0, 0.0, 0.0, 0.0, 1.0],
                [1.0, 0.0, 0.0, 6.8e-05, 0.0, 0.0, -1.0, 0.214089, 0.0, 1.0, 0.0, 0.0, 0.0, 0.0, 0.0, 1.0],
                [1.0, 0.0, 0.0, 0.00016, 0.0, 0.0, -1.0, 0.235165, 0.0, 1.0, 0.0, 0.0, 0.0, 0.0, 0.0, 1.0],
                [1.0, 0.0, 0.0, 0.000313, 0.0, 0.0, -1.0, 0.256184, 0.0, 1.0, 0.0, 0.0, 0.0, 0.0, 0.0, 1.0],
                [1.0, 0.0, 0.0, 0.00054, 0.0, 0.0, -1.0, 0.277025, 0.0, 1.0, 0.0, 0.006265, 0.0, 0.0, 0.0, 1.0],
                [1.0, 0.0, 0.0, 0.000858, 0.0, 0.0, -1.0, 0.297564, 0.0, 1.0, 0.0, 0.025118, 0.0, 0.0, 0.0, 1.0],
                [1.0, 0.0, 0.0, 0.00128, 0.0, 0.0, -1.0, 0.31768, 0.0, 1.0, 0.0, 0.045814, 0.0, 0.0, 0.0, 1.0],
                [1.0, 0.0, 0.0, 0.001823, 0.0, 0.0, -1.0, 0.33725, 0.0, 1.0, 0.0, 0.067906, 0.0, 0.0, 0.0, 1.0],
                [1.0, 0.0, 0.0, 0.0025, 0.0, 0.0, -1.0, 0.356152, 0.0, 1.0, 0.0, 0.090953, 0.0, 0.0, 0.0, 1.0],
                [1.0, 0.0, 0.0, 0.003328, 0.0, 0.0, -1.0, 0.374264, 0.0, 1.0, 0.0, 0.11451, 0.0, 0.0, 0.0, 1.0],
                [1.0, 0.0, 0.0, 0.00432, 0.0, 0.0, -1.0, 0.391464, 0.0, 1.0, 0.0, 0.138135, 0.0, 0.0, 0.0, 1.0],
                [1.0, 0.0, 0.0, 0.005493, 0.0, 0.0, -1.0, 0.407628, 0.0, 1.0, 0.0, 0.161383, 0.0, 0.0, 0.0, 1.0],
                [1.0, 0.0, 0.0, 0.00686, 0.0, 0.0, -1.0, 0.422636, 0.0, 1.0, 0.0, 0.18381, 0.0, 0.0, 0.0, 1.0],
                [1.0, 0.0, 0.0, 0.008438, 0.0, 0.0, -1.0, 0.436364, 0.0, 1.0, 0.0, 0.204975, 0.0, 0.0, 0.0, 1.0],
                [1.0, 0.0, 0.0, 0.01024, 0.0, 0.0, -1.0, 0.44869, 0.0, 1.0, 0.0, 0.224432, 0.0, 0.0, 0.0, 1.0],
                [1.0, 0.0, 0.0, 0.012283, 0.0, 0.0, -1.0, 0.459493, 0.0, 1.0, 0.0, 0.241739, 0.0, 0.0, 0.0, 1.0],
                [1.0, 0.0, 0.0, 0.01458, 0.0, 0.0, -1.0, 0.46865, 0.0, 1.0, 0.0, 0.256451, 0.0, 0.0, 0.0, 1.0],
                [1.0, 0.0, 0.0, 0.017148, 0.0, 0.0, -1.0, 0.476038, 0.0, 1.0, 0.0, 0.268126, 0.0, 0.0, 0.0, 1.0],
                [1.0, 0.0, 0.0, 0.02, 0.0, 0.0, -1.0, 0.481535, 0.0, 1.0, 0.0, 0.276319, 0.0, 0.0, 0.0, 1.0],
                [1.0, 0.0, 0.0, 0.023633, 0.0, 0.0, -1.0, 0.48563, 0.0, 1.0, 0.0, 0.282257, 0.0, 0.0, 0.0, 1.0],
                [1.0, 0.0, 0.0, 0.028394, 0.0, 0.0, -1.0, 0.488953, 0.0, 1.0, 0.0, 0.287487, 0.0, 0.0, 0.0, 1.0],
                [1.0, 0.0, 0.0, 0.03408, 0.0, 0.0, -1.0, 0.491601, 0.0, 1.0, 0.0, 0.292043, 0.0, 0.0, 0.0, 1.0],
                [1.0, 0.0, 0.0, 0.040486, 0.0, 0.0, -1.0, 0.493666, 0.0, 1.0, 0.0, 0.295964, 0.0, 0.0, 0.0, 1.0],
                [1.0, 0.0, 0.0, 0.047407, 0.0, 0.0, -1.0, 0.495243, 0.0, 1.0, 0.0, 0.299285, 0.0, 0.0, 0.0, 1.0],
                [1.0, 0.0, 0.0, 0.05464, 0.0, 0.0, -1.0, 0.496427, 0.0, 1.0, 0.0, 0.302043, 0.0, 0.0, 0.0, 1.0],
                [1.0, 0.0, 0.0, 0.061979, 0.0, 0.0, -1.0, 0.497312, 0.0, 1.0, 0.0, 0.304274, 0.0, 0.0, 0.0, 1.0],
                [1.0, 0.0, 0.0, 0.069221, 0.0, 0.0, -1.0, 0.497992, 0.0, 1.0, 0.0, 0.306015, 0.0, 0.0, 0.0, 1.0],
                [1.0, 0.0, 0.0, 0.07616, 0.0, 0.0, -1.0, 0.498562, 0.0, 1.0, 0.0, 0.307302, 0.0, 0.0, 0.0, 1.0],
                [1.0, 0.0, 0.0, 0.082593, 0.0, 0.0, -1.0, 0.499116, 0.0, 1.0, 0.0, 0.308171, 0.0, 0.0, 0.0, 1.0],
                [1.0, 0.0, 0.0, 0.088314, 0.0, 0.0, -1.0, 0.499748, 0.0, 1.0, 0.0, 0.30866, 0.0, 0.0, 0.0, 1.0],
                [1.0, 0.0, 0.0, 0.09312, 0.0, 0.0, -1.0, 0.500553, 0.0, 1.0, 0.0, 0.308804, 0.0, 0.0, 0.0, 1.0],
                [1.0, 0.0, 0.0, 0.096806, 0.0, 0.0, -1.0, 0.501625, 0.0, 1.0, 0.0, 0.30864, 0.0, 0.0, 0.0, 1.0],
                [1.0, 0.0, 0.0, 0.099167, 0.0, 0.0, -1.0, 0.503058, 0.0, 1.0, 0.0, 0.308205, 0.0, 0.0, 0.0, 1.0],
                [1.0, 0.0, 0.0, 0.1, 0.0, 0.0, -1.0, 0.504947, 0.0, 1.0, 0.0, 0.307535, 0.0, 0.0, 0.0, 1.0],
                [1.0, 0.0, 0.0, 0.099926, 0.0, 0.0, -1.0, 0.507513, 0.0, 1.0, 0.0, 0.299303, 0.0, 0.0, 0.0, 1.0],
                [1.0, 0.0, 0.0, 0.099715, 0.0, 0.0, -1.0, 0.510824, 0.0, 1.0, 0.0, 0.27755, 0.0, 0.0, 0.0, 1.0],
                [1.0, 0.0, 0.0, 0.099387, 0.0, 0.0, -1.0, 0.514743, 0.0, 1.0, 0.0, 0.244363, 0.0, 0.0, 0.0, 1.0],
                [1.0, 0.0, 0.0, 0.098962, 0.0, 0.0, -1.0, 0.519133, 0.0, 1.0, 0.0, 0.201832, 0.0, 0.0, 0.0, 1.0],
                [1.0, 0.0, 0.0, 0.098459, 0.0, 0.0, -1.0, 0.523857, 0.0, 1.0, 0.0, 0.152044, 0.0, 0.0, 0.0, 1.0],
                [1.0, 0.0, 0.0, 0.097896, 0.0, 0.0, -1.0, 0.52878, 0.0, 1.0, 0.0, 0.097087, 0.0, 0.0, 0.0, 1.0],
                [1.0, 0.0, 0.0, 0.097293, 0.0, 0.0, -1.0, 0.533765, 0.0, 1.0, 0.0, 0.03905, 0.0, 0.0, 0.0, 1.0],
                [1.0, 0.0, 0.0, 0.096669, 0.0, 0.0, -1.0, 0.538674, 0.0, 1.0, 0.0, 0.0, 0.0, 0.0, 0.0, 1.0],
                [1.0, 0.0, 0.0, 0.096044, 0.0, 0.0, -1.0, 0.543373, 0.0, 1.0, 0.0, 0.0, 0.0, 0.0, 0.0, 1.0],
                [1.0, 0.0, 0.0, 0.095437, 0.0, 0.0, -1.0, 0.547723, 0.0, 1.0, 0.0, 0.0, 0.0, 0.0, 0.0, 1.0],
                [1.0, 0.0, 0.0, 0.094867, 0.0, 0.0, -1.0, 0.551588, 0.0, 1.0, 0.0, 0.0, 0.0, 0.0, 0.0, 1.0],
                [1.0, 0.0, 0.0, 0.094353, 0.0, 0.0, -1.0, 0.554832, 0.0, 1.0, 0.0, 0.0, 0.0, 0.0, 0.0, 1.0],
                [1.0, 0.0, 0.0, 0.093914, 0.0, 0.0, -1.0, 0.557318, 0.0, 1.0, 0.0, 0.0, 0.0, 0.0, 0.0, 1.0],
                [1.0, 0.0, 0.0, 0.093571, 0.0, 0.0, -1.0, 0.55891, 0.0, 1.0, 0.0, 0.0, 0.0, 0.0, 0.0, 1.0],
                [1.0, 0.0, 0.0, 0.093341, 0.0, 0.0, -1.0, 0.559471, 0.0, 1.0, 0.0, 0.0, 0.0, 0.0, 0.0, 1.0],
                [1.0, 0.0, 0.0, 0.092891, 0.0, 0.0, -1.0, 0.555594, 0.0, 1.0, 0.0, 0.0, 0.0, 0.0, 0.0, 1.0],
                [1.0, 0.0, 0.0, 0.090477, 0.0, 0.0, -1.0, 0.55056, 0.0, 1.0, 0.0, 0.0, 0.0, 0.0, 0.0, 1.0],
                [1.0, 0.0, 0.0, 0.084001, 0.0, 0.0, -1.0, 0.554265, 0.0, 1.0, 0.0, 0.0, 0.0, 0.0, 0.0, 1.0],
                [1.0, 0.0, 0.0, 0.071365, 0.0, 0.0, -1.0, 0.576605, 0.0, 1.0, 0.0, 0.0, 0.0, 0.0, 0.0, 1.0],
                [1.0, 0.0, 0.0, 0.050472, 0.0, 0.0, -1.0, 0.627475, 0.0, 1.0, 0.0, 0.067758, 0.0, 0.0, 0.0, 1.0],
                [1.0, 0.0, 0.0, 0.019498, 0.0, 0.0, -1.0, 0.725015, 0.0, 1.0, 0.0, 0.283701, 0.0, 0.0, 0.0, 1.0],
                [1.0, 0.0, 0.0, -0.017166, 0.0, 0.0, -1.0, 0.870069, 0.0, 1.0, 0.0, 0.542409, 0.0, 0.0, 0.0, 1.0],
                [1.0, 0.0, 0.0, -0.052298, 0.0, 0.0, -1.0, 1.046581, 0.0, 1.0, 0.0, 0.828877, 0.0, 0.0, 0.0, 1.0],
                [1.0, 0.0, 0.0, -0.078673, 0.0, 0.0, -1.0, 1.2385, 0.0, 1.0, 0.0, 1.128098, 0.0, 0.0, 0.0, 1.0],
                [1.0, 0.0, 0.0, -0.089069, 0.0, 0.0, -1.0, 1.429773, 0.0, 1.0, 0.0, 1.425067, 0.0, 0.0, 0.0, 1.0],
                [1.0, 0.0, 0.0, -0.084626, 0.0, 0.0, -1.0, 1.607324, 0.0, 1.0, 0.0, 1.707367, 0.0, 0.0, 0.0, 1.0],
                [1.0, 0.0, 0.0, -0.072565, 0.0, 0.0, -1.0, 1.76999, 0.0, 1.0, 0.0, 1.972947, 0.0, 0.0, 0.0, 1.0],
                [1.0, 0.0, 0.0, -0.054793, 0.0, 0.0, -1.0, 1.919587, 0.0, 1.0, 0.0, 2.222344, 0.0, 0.0, 0.0, 1.0],
                [1.0, 0.0, 0.0, -0.033211, 0.0, 0.0, -1.0, 2.057931, 0.0, 1.0, 0.0, 2.456097, 0.0, 0.0, 0.0, 1.0],
                [1.0, 0.0, 0.0, -0.009726, 0.0, 0.0, -1.0, 2.186837, 0.0, 1.0, 0.0, 2.674745, 0.0, 0.0, 0.0, 1.0],
                [1.0, 0.0, 0.0, 0.013759, 0.0, 0.0, -1.0, 2.30812, 0.0, 1.0, 0.0, 2.878826, 0.0, 0.0, 0.0, 1.0],
                [1.0, 0.0, 0.0, 0.03534, 0.0, 0.0, -1.0, 2.423595, 0.0, 1.0, 0.0, 3.068877, 0.0, 0.0, 0.0, 1.0],
                [1.0, 0.0, 0.0, 0.053113, 0.0, 0.0, -1.0, 2.535078, 0.0, 1.0, 0.0, 3.245437, 0.0, 0.0, 0.0, 1.0],
                [1.0, 0.0, 0.0, 0.065173, 0.0, 0.0, -1.0, 2.644385, 0.0, 1.0, 0.0, 3.409045, 0.0, 0.0, 0.0, 1.0],
                [1.0, 0.0, 0.0, 0.069617, 0.0, 0.0, -1.0, 2.75333, 0.0, 1.0, 0.0, 3.560239, 0.0, 0.0, 0.0, 1.0],
                [1.0, 0.0, 0.0, 0.068574, 0.0, 0.0, -1.0, 2.863339, 0.0, 1.0, 0.0, 3.699534, 0.0, 0.0, 0.0, 1.0],
                [1.0, 0.0, 0.0, 0.06559, 0.0, 0.0, -1.0, 2.974279, 0.0, 1.0, 0.0, 3.827354, 0.0, 0.0, 0.0, 1.0],
                [1.0, 0.0, 0.0, 0.060879, 0.0, 0.0, -1.0, 3.085626, 0.0, 1.0, 0.0, 3.944099, 0.0, 0.0, 0.0, 1.0],
                [1.0, 0.0, 0.0, 0.054658, 0.0, 0.0, -1.0, 3.196855, 0.0, 1.0, 0.0, 4.050172, 0.0, 0.0, 0.0, 1.0],
                [1.0, 0.0, 0.0, 0.047142, 0.0, 0.0, -1.0, 3.307445, 0.0, 1.0, 0.0, 4.145972, 0.0, 0.0, 0.0, 1.0],
                [1.0, 0.0, 0.0, 0.038547, 0.0, 0.0, -1.0, 3.41687, 0.0, 1.0, 0.0, 4.231901, 0.0, 0.0, 0.0, 1.0],
                [1.0, 0.0, 0.0, 0.02909, 0.0, 0.0, -1.0, 3.524608, 0.0, 1.0, 0.0, 4.308358, 0.0, 0.0, 0.0, 1.0],
                [1.0, 0.0, 0.0, 0.018985, 0.0, 0.0, -1.0, 3.630135, 0.0, 1.0, 0.0, 4.375747, 0.0, 0.0, 0.0, 1.0],
                [1.0, 0.0, 0.0, 0.008448, 0.0, 0.0, -1.0, 3.732927, 0.0, 1.0, 0.0, 4.434465, 0.0, 0.0, 0.0, 1.0],
                [1.0, 0.0, 0.0, -0.002304, 0.0, 0.0, -1.0, 3.83246, 0.0, 1.0, 0.0, 4.484917, 0.0, 0.0, 0.0, 1.0],
                [1.0, 0.0, 0.0, -0.013057, 0.0, 0.0, -1.0, 3.928211, 0.0, 1.0, 0.0, 4.527501, 0.0, 0.0, 0.0, 1.0],
                [1.0, 0.0, 0.0, -0.023593, 0.0, 0.0, -1.0, 4.019657, 0.0, 1.0, 0.0, 4.562619, 0.0, 0.0, 0.0, 1.0],
                [1.0, 0.0, 0.0, -0.033698, 0.0, 0.0, -1.0, 4.106274, 0.0, 1.0, 0.0, 4.590672, 0.0, 0.0, 0.0, 1.0],
                [1.0, 0.0, 0.0, -0.043156, 0.0, 0.0, -1.0, 4.187537, 0.0, 1.0, 0.0, 4.61206, 0.0, 0.0, 0.0, 1.0],
                [1.0, 0.0, 0.0, -0.051751, 0.0, 0.0, -1.0, 4.262924, 0.0, 1.0, 0.0, 4.627183, 0.0, 0.0, 0.0, 1.0],
                [1.0, 0.0, 0.0, -0.059267, 0.0, 0.0, -1.0, 4.331912, 0.0, 1.0, 0.0, 4.636445, 0.0, 0.0, 0.0, 1.0],
                [1.0, 0.0, 0.0, -0.065488, 0.0, 0.0, -1.0, 4.393975, 0.0, 1.0, 0.0, 4.640244, 0.0, 0.0, 0.0, 1.0],
                [1.0, 0.0, 0.0, -0.070199, 0.0, 0.0, -1.0, 4.448592, 0.0, 1.0, 0.0, 4.638983, 0.0, 0.0, 0.0, 1.0],
                [1.0, 0.0, 0.0, -0.073184, 0.0, 0.0, -1.0, 4.495237, 0.0, 1.0, 0.0, 4.633061, 0.0, 0.0, 0.0, 1.0],
                [1.0, 0.0, 0.0, -0.074227, 0.0, 0.0, -1.0, 4.533389, 0.0, 1.0, 0.0, 4.622881, 0.0, 0.0, 0.0, 1.0],
                [1.0, 0.0, 0.0, -0.074215, 0.0, 0.0, -1.0, 4.564247, 0.0, 1.0, 0.0, 4.611537, 0.0, 0.0, 0.0, 1.0],
                [1.0, 0.0, 0.0, -0.074131, 0.0, 0.0, -1.0, 4.591363, 0.0, 1.0, 0.0, 4.600324, 0.0, 0.0, 0.0, 1.0],
                [1.0, 0.0, 0.0, -0.073904, 0.0, 0.0, -1.0, 4.617743, 0.0, 1.0, 0.0, 4.586936, 0.0, 0.0, 0.0, 1.0],
                [1.0, 0.0, 0.0, -0.073461, 0.0, 0.0, -1.0, 4.64639, 0.0, 1.0, 0.0, 4.569068, 0.0, 0.0, 0.0, 1.0],
                [1.0, 0.0, 0.0, -0.072731, 0.0, 0.0, -1.0, 4.680311, 0.0, 1.0, 0.0, 4.544415, 0.0, 0.0, 0.0, 1.0],
                [1.0, 0.0, 0.0, -0.071642, 0.0, 0.0, -1.0, 4.722509, 0.0, 1.0, 0.0, 4.51067, 0.0, 0.0, 0.0, 1.0],
                [1.0, 0.0, 0.0, -0.070122, 0.0, 0.0, -1.0, 4.77599, 0.0, 1.0, 0.0, 4.465529, 0.0, 0.0, 0.0, 1.0],
                [1.0, 0.0, 0.0, -0.0681, 0.0, 0.0, -1.0, 4.843759, 0.0, 1.0, 0.0, 4.406689, 0.0, 0.0, 0.0, 1.0],
                [1.0, 0.0, 0.0, -0.065503, 0.0, 0.0, -1.0, 4.928819, 0.0, 1.0, 0.0, 4.331841, 0.0, 0.0, 0.0, 1.0],
                [1.0, 0.0, 0.0, -0.06226, 0.0, 0.0, -1.0, 5.034175, 0.0, 1.0, 0.0, 4.238684, 0.0, 0.0, 0.0, 1.0],
                [1.0, 0.0, 0.0, -0.0583, 0.0, 0.0, -1.0, 5.162833, 0.0, 1.0, 0.0, 4.124908, 0.0, 0.0, 0.0, 1.0],
                [1.0, 0.0, 0.0, -0.053549, 0.0, 0.0, -1.0, 5.317796, 0.0, 1.0, 0.0, 3.988213, 0.0, 0.0, 0.0, 1.0],
                [1.0, 0.0, 0.0, -0.047937, 0.0, 0.0, -1.0, 5.502071, 0.0, 1.0, 0.0, 3.82629, 0.0, 0.0, 0.0, 1.0],
                [1.0, 0.0, 0.0, -0.041392, 0.0, 0.0, -1.0, 5.718661, 0.0, 1.0, 0.0, 3.636834, 0.0, 0.0, 0.0, 1.0],
                [1.0, 0.0, 0.0, -0.033841, 0.0, 0.0, -1.0, 5.97057, 0.0, 1.0, 0.0, 3.417543, 0.0, 0.0, 0.0, 1.0],
                [1.0, 0.0, 0.0, -0.025213, 0.0, 0.0, -1.0, 6.260806, 0.0, 1.0, 0.0, 3.166108, 0.0, 0.0, 0.0, 1.0],
                [1.0, 0.0, 0.0, -0.015437, 0.0, 0.0, -1.0, 6.59237, 0.0, 1.0, 0.0, 2.880226, 0.0, 0.0, 0.0, 1.0],
                [1.0, 0.0, 0.0, -0.00444, 0.0, 0.0, -1.0, 6.968268, 0.0, 1.0, 0.0, 2.557591, 0.0, 0.0, 0.0, 1.0],
                [1.0, 0.0, 0.0, 0.007849, 0.0, 0.0, -1.0, 7.391507, 0.0, 1.0, 0.0, 2.195898, 0.0, 0.0, 0.0, 1.0],
                [1.0, 0.0, 0.0, 0.021502, 0.0, 0.0, -1.0, 7.865088, 0.0, 1.0, 0.0, 1.792842, 0.0, 0.0, 0.0, 1.0],
                [1.0, 0.0, 0.0, 0.080558, 0.0, 0.0, -1.0, 8.544176, 0.0, 1.0, 0.0, 0.961935, 0.0, 0.0, 0.0, 1.0],
                [1.0, 0.0, 0.0, 0.175501, 0.0, 0.0, -1.0, 8.973391, 0.0, 1.0, 0.0, 0.227671, 0.0, 0.0, 0.0, 1.0],
                [1.0, 0.0, 0.0, 0.241902, 0.0, 0.0, -1.0, 8.974028, 0.0, 1.0, 0.0, 0.069292, 0.0, 0.0, 0.0, 1.0],
                [1.0, 0.0, 0.0, 0.278626, 0.0, 0.0, -1.0, 8.974667, 0.0, 1.0, 0.0, 0.013676, 0.0, 0.0, 0.0, 1.0],
                [1.0, 0.0, 0.0, 0.300365, 0.0, 0.0, -1.0, 8.973391, 0.0, 1.0, 0.0, 0.0, 0.0, 0.0, 0.0, 1.0],
                [1.0, 0.0, 0.0, 0.319326, 0.0, 0.0, -1.0, 8.969103, 0.0, 1.0, 0.0, -0.0, 0.0, 0.0, 0.0, 1.0],
                [1.0, 0.0, 0.0, 0.337788, 0.0, 0.0, -1.0, 8.96397, 0.0, 1.0, 0.0, -0.0, 0.0, 0.0, 0.0, 1.0],
                [1.0, 0.0, 0.0, 0.355544, 0.0, 0.0, -1.0, 8.960983, 0.0, 1.0, 0.0, -0.0, 0.0, 0.0, 0.0, 1.0],
                [1.0, 0.0, 0.0, 0.372388, 0.0, 0.0, -1.0, 8.963129, 0.0, 1.0, 0.0, -0.0, 0.0, 0.0, 0.0, 1.0],
                [1.0, 0.0, 0.0, 0.388117, 0.0, 0.0, -1.0, 8.973389, 0.0, 1.0, 0.0, -0.0, 0.0, 0.0, 0.0, 1.0],
                [1.0, 0.0, 0.0, 0.402575, 0.0, 0.0, -1.0, 8.989189, 0.0, 1.0, 0.0, -0.0, 0.0, 0.0, 0.0, 1.0],
                [1.0, 0.0, 0.0, 0.415819, 0.0, 0.0, -1.0, 9.005749, 0.0, 1.0, 0.0, -0.0, 0.0, 0.0, 0.0, 1.0],
                [1.0, 0.0, 0.0, 0.427957, 0.0, 0.0, -1.0, 9.022755, 0.0, 1.0, 0.0, -0.0, 0.0, 0.0, 0.0, 1.0],
                [1.0, 0.0, 0.0, 0.439098, 0.0, 0.0, -1.0, 9.039892, 0.0, 1.0, 0.0, -0.0, 0.0, 0.0, 0.0, 1.0],
                [1.0, 0.0, 0.0, 0.449349, 0.0, 0.0, -1.0, 9.056847, 0.0, 1.0, 0.0, -0.0, 0.0, 0.0, 0.0, 1.0],
                [1.0, 0.0, 0.0, 0.458819, 0.0, 0.0, -1.0, 9.073303, 0.0, 1.0, 0.0, -0.0, 0.0, 0.0, 0.0, 1.0],
                [1.0, 0.0, 0.0, 0.467616, 0.0, 0.0, -1.0, 9.088949, 0.0, 1.0, 0.0, -0.0, 0.0, 0.0, 0.0, 1.0],
                [1.0, 0.0, 0.0, 0.475848, 0.0, 0.0, -1.0, 9.103468, 0.0, 1.0, 0.0, -0.0, 0.0, 0.0, 0.0, 1.0],
                [1.0, 0.0, 0.0, 0.483623, 0.0, 0.0, -1.0, 9.116549, 0.0, 1.0, 0.0, -0.0, 0.0, 0.0, 0.0, 1.0],
                [1.0, 0.0, 0.0, 0.49105, 0.0, 0.0, -1.0, 9.127872, 0.0, 1.0, 0.0, -0.0, 0.0, 0.0, 0.0, 1.0],
                [1.0, 0.0, 0.0, 0.498217, 0.0, 0.0, -1.0, 9.137218, 0.0, 1.0, 0.0, -0.0, 0.0, 0.0, 0.0, 1.0],
                [1.0, 0.0, 0.0, 0.50513, 0.0, 0.0, -1.0, 9.144718, 0.0, 1.0, 0.0, -0.0, 0.0, 0.0, 0.0, 1.0],
                [1.0, 0.0, 0.0, 0.511779, 0.0, 0.0, -1.0, 9.150589, 0.0, 1.0, 0.0, -0.0, 0.0, 0.0, 0.0, 1.0],
                [1.0, 0.0, 0.0, 0.51815, 0.0, 0.0, -1.0, 9.155058, 0.0, 1.0, 0.0, -0.0, 0.0, 0.0, 0.0, 1.0],
                [1.0, 0.0, 0.0, 0.524231, 0.0, 0.0, -1.0, 9.158339, 0.0, 1.0, 0.0, -0.0, 0.0, 0.0, 0.0, 1.0],
                [1.0, 0.0, 0.0, 0.53001, 0.0, 0.0, -1.0, 9.160658, 0.0, 1.0, 0.0, -0.0, 0.0, 0.0, 0.0, 1.0],
                [1.0, 0.0, 0.0, 0.535474, 0.0, 0.0, -1.0, 9.162235, 0.0, 1.0, 0.0, -0.0, 0.0, 0.0, 0.0, 1.0],
                [1.0, 0.0, 0.0, 0.54061, 0.0, 0.0, -1.0, 9.163292, 0.0, 1.0, 0.0, -0.0, 0.0, 0.0, 0.0, 1.0],
                [1.0, 0.0, 0.0, 0.545407, 0.0, 0.0, -1.0, 9.164049, 0.0, 1.0, 0.0, -0.0, 0.0, 0.0, 0.0, 1.0],
                [1.0, 0.0, 0.0, 0.549853, 0.0, 0.0, -1.0, 9.164728, 0.0, 1.0, 0.0, -0.0, 0.0, 0.0, 0.0, 1.0],
                [1.0, 0.0, 0.0, 0.553933, 0.0, 0.0, -1.0, 9.165548, 0.0, 1.0, 0.0, -0.0, 0.0, 0.0, 0.0, 1.0],
                [1.0, 0.0, 0.0, 0.557637, 0.0, 0.0, -1.0, 9.166731, 0.0, 1.0, 0.0, -0.0, 0.0, 0.0, 0.0, 1.0],
                [1.0, 0.0, 0.0, 0.560952, 0.0, 0.0, -1.0, 9.168501, 0.0, 1.0, 0.0, -0.0, 0.0, 0.0, 0.0, 1.0],
                [1.0, 0.0, 0.0, 0.563865, 0.0, 0.0, -1.0, 9.171076, 0.0, 1.0, 0.0, -0.0, 0.0, 0.0, 0.0, 1.0],
                [1.0, 0.0, 0.0, 0.566363, 0.0, 0.0, -1.0, 9.174679, 0.0, 1.0, 0.0, -0.0, 0.0, 0.0, 0.0, 1.0],
                [1.0, 0.0, 0.0, 0.568436, 0.0, 0.0, -1.0, 9.179529, 0.0, 1.0, 0.0, -0.0, 0.0, 0.0, 0.0, 1.0],
                [1.0, 0.0, 0.0, 0.570069, 0.0, 0.0, -1.0, 9.185848, 0.0, 1.0, 0.0, -0.0, 0.0, 0.0, 0.0, 1.0],
                [1.0, 0.0, 0.0, 0.571251, 0.0, 0.0, -1.0, 9.193859, 0.0, 1.0, 0.0, -0.0, 0.0, 0.0, 0.0, 1.0],
                [1.0, 0.0, 0.0, 0.57197, 0.0, 0.0, -1.0, 9.203779, 0.0, 1.0, 0.0, -0.0, 0.0, 0.0, 0.0, 1.0],
                [1.0, 0.0, 0.0, 0.572212, 0.0, 0.0, -1.0, 9.215834, 0.0, 1.0, 0.0, -0.0, 0.0, 0.0, 0.0, 1.0],
                [1.0, 0.0, 0.0, 0.569639, 0.0, 0.0, -1.0, 9.230732, 0.0, 1.0, 0.0, -0.0, 0.0, 0.0, 0.0, 1.0],
                [1.0, 0.0, 0.0, 0.562308, 0.0, 0.0, -1.0, 9.248705, 0.0, 1.0, 0.0, -0.0, 0.0, 0.0, 0.0, 1.0],
                [1.0, 0.0, 0.0, 0.550801, 0.0, 0.0, -1.0, 9.269257, 0.0, 1.0, 0.0, -0.0, 0.0, 0.0, 0.0, 1.0],
                [1.0, 0.0, 0.0, 0.535701, 0.0, 0.0, -1.0, 9.291878, 0.0, 1.0, 0.0, -0.0, 0.0, 0.0, 0.0, 1.0],
                [1.0, 0.0, 0.0, 0.517591, 0.0, 0.0, -1.0, 9.316078, 0.0, 1.0, 0.0, -0.0, 0.0, 0.0, 0.0, 1.0],
                [1.0, 0.0, 0.0, 0.497053, 0.0, 0.0, -1.0, 9.341354, 0.0, 1.0, 0.0, -0.0, 0.0, 0.0, 0.0, 1.0],
                [1.0, 0.0, 0.0, 0.47467, 0.0, 0.0, -1.0, 9.367203, 0.0, 1.0, 0.0, -0.0, 0.0, 0.0, 0.0, 1.0],
                [1.0, 0.0, 0.0, 0.451023, 0.0, 0.0, -1.0, 9.393126, 0.0, 1.0, 0.0, -0.0, 0.0, 0.0, 0.0, 1.0],
                [1.0, 0.0, 0.0, 0.426696, 0.0, 0.0, -1.0, 9.418625, 0.0, 1.0, 0.0, -0.0, 0.0, 0.0, 0.0, 1.0],
                [1.0, 0.0, 0.0, 0.402272, 0.0, 0.0, -1.0, 9.443199, 0.0, 1.0, 0.0, -0.0, 0.0, 0.0, 0.0, 1.0],
                [1.0, 0.0, 0.0, 0.378332, 0.0, 0.0, -1.0, 9.466347, 0.0, 1.0, 0.0, -0.0, 0.0, 0.0, 0.0, 1.0],
                [1.0, 0.0, 0.0, 0.355459, 0.0, 0.0, -1.0, 9.48757, 0.0, 1.0, 0.0, -0.0, 0.0, 0.0, 0.0, 1.0],
                [1.0, 0.0, 0.0, 0.334236, 0.0, 0.0, -1.0, 9.506365, 0.0, 1.0, 0.0, -0.0, 0.0, 0.0, 0.0, 1.0],
                [1.0, 0.0, 0.0, 0.315082, 0.0, 0.0, -1.0, 9.523661, 0.0, 1.0, 0.0, -0.0, 0.0, 0.0, 0.0, 1.0],
                [1.0, 0.0, 0.0, 0.297945, 0.0, 0.0, -1.0, 9.540705, 0.0, 1.0, 0.0, -0.0, 0.0, 0.0, 0.0, 1.0],
                [1.0, 0.0, 0.0, 0.2827, 0.0, 0.0, -1.0, 9.557482, 0.0, 1.0, 0.0, -0.0, 0.0, 0.0, 0.0, 1.0],
                [1.0, 0.0, 0.0, 0.269223, 0.0, 0.0, -1.0, 9.573984, 0.0, 1.0, 0.0, -0.0, 0.0, 0.0, 0.0, 1.0],
                [1.0, 0.0, 0.0, 0.257387, 0.0, 0.0, -1.0, 9.590199, 0.0, 1.0, 0.0, -0.0, 0.0, 0.0, 0.0, 1.0],
                [1.0, 0.0, 0.0, 0.247068, 0.0, 0.0, -1.0, 9.60611, 0.0, 1.0, 0.0, -0.0, 0.0, 0.0, 0.0, 1.0],
                [1.0, 0.0, 0.0, 0.23814, 0.0, 0.0, -1.0, 9.62171, 0.0, 1.0, 0.0, -0.0, 0.0, 0.0, 0.0, 1.0],
                [1.0, 0.0, 0.0, 0.230478, 0.0, 0.0, -1.0, 9.636984, 0.0, 1.0, 0.0, -0.0, 0.0, 0.0, 0.0, 1.0],
                [1.0, 0.0, 0.0, 0.223957, 0.0, 0.0, -1.0, 9.65192, 0.0, 1.0, 0.0, -0.0, 0.0, 0.0, 0.0, 1.0],
                [1.0, 0.0, 0.0, 0.218453, 0.0, 0.0, -1.0, 9.666508, 0.0, 1.0, 0.0, -0.0, 0.0, 0.0, 0.0, 1.0],
                [1.0, 0.0, 0.0, 0.213838, 0.0, 0.0, -1.0, 9.680733, 0.0, 1.0, 0.0, -0.0, 0.0, 0.0, 0.0, 1.0],
                [1.0, 0.0, 0.0, 0.20999, 0.0, 0.0, -1.0, 9.694584, 0.0, 1.0, 0.0, -0.0, 0.0, 0.0, 0.0, 1.0],
                [1.0, 0.0, 0.0, 0.206782, 0.0, 0.0, -1.0, 9.70805, 0.0, 1.0, 0.0, -0.0, 0.0, 0.0, 0.0, 1.0],
                [1.0, 0.0, 0.0, 0.204089, 0.0, 0.0, -1.0, 9.721115, 0.0, 1.0, 0.0, -0.0, 0.0, 0.0, 0.0, 1.0],
                [1.0, 0.0, 0.0, 0.201786, 0.0, 0.0, -1.0, 9.73377, 0.0, 1.0, 0.0, -0.0, 0.0, 0.0, 0.0, 1.0],
                [1.0, 0.0, 0.0, 0.199748, 0.0, 0.0, -1.0, 9.746004, 0.0, 1.0, 0.0, -0.0, 0.0, 0.0, 0.0, 1.0],
                [1.0, 0.0, 0.0, 0.197849, 0.0, 0.0, -1.0, 9.757803, 0.0, 1.0, 0.0, -0.0, 0.0, 0.0, 0.0, 1.0],
                [1.0, 0.0, 0.0, 0.195965, 0.0, 0.0, -1.0, 9.769154, 0.0, 1.0, 0.0, -0.0, 0.0, 0.0, 0.0, 1.0],
                [1.0, 0.0, 0.0, 0.193971, 0.0, 0.0, -1.0, 9.780046, 0.0, 1.0, 0.0, -0.0, 0.0, 0.0, 0.0, 1.0],
                [1.0, 0.0, 0.0, 0.19174, 0.0, 0.0, -1.0, 9.790466, 0.0, 1.0, 0.0, -0.0, 0.0, 0.0, 0.0, 1.0],
                [1.0, 0.0, 0.0, 0.189149, 0.0, 0.0, -1.0, 9.800402, 0.0, 1.0, 0.0, -0.0, 0.0, 0.0, 0.0, 1.0],
                [1.0, 0.0, 0.0, 0.186071, 0.0, 0.0, -1.0, 9.809843, 0.0, 1.0, 0.0, -0.0, 0.0, 0.0, 0.0, 1.0],
                [1.0, 0.0, 0.0, 0.182409, 0.0, 0.0, -1.0, 9.818859, 0.0, 1.0, 0.0, -0.0, 0.0, 0.0, 0.0, 1.0],
                [1.0, 0.0, 0.0, 0.178172, 0.0, 0.0, -1.0, 9.827541, 0.0, 1.0, 0.0, -0.0, 0.0, 0.0, 0.0, 1.0],
                [1.0, 0.0, 0.0, 0.173398, 0.0, 0.0, -1.0, 9.835903, 0.0, 1.0, 0.0, -0.0, 0.0, 0.0, 0.0, 1.0],
                [1.0, 0.0, 0.0, 0.168123, 0.0, 0.0, -1.0, 9.843954, 0.0, 1.0, 0.0, -0.0, 0.0, 0.0, 0.0, 1.0],
                [1.0, 0.0, 0.0, 0.162384, 0.0, 0.0, -1.0, 9.851709, 0.0, 1.0, 0.0, -0.0, 0.0, 0.0, 0.0, 1.0],
                [1.0, 0.0, 0.0, 0.156218, 0.0, 0.0, -1.0, 9.859179, 0.0, 1.0, 0.0, -0.0, 0.0, 0.0, 0.0, 1.0],
                [1.0, 0.0, 0.0, 0.149661, 0.0, 0.0, -1.0, 9.866373, 0.0, 1.0, 0.0, -0.0, 0.0, 0.0, 0.0, 1.0],
                [1.0, 0.0, 0.0, 0.142751, 0.0, 0.0, -1.0, 9.87331, 0.0, 1.0, 0.0, -0.0, 0.0, 0.0, 0.0, 1.0],
                [1.0, 0.0, 0.0, 0.135524, 0.0, 0.0, -1.0, 9.879997, 0.0, 1.0, 0.0, -0.0, 0.0, 0.0, 0.0, 1.0],
                [1.0, 0.0, 0.0, 0.128017, 0.0, 0.0, -1.0, 9.886452, 0.0, 1.0, 0.0, -0.0, 0.0, 0.0, 0.0, 1.0],
                [1.0, 0.0, 0.0, 0.120268, 0.0, 0.0, -1.0, 9.892679, 0.0, 1.0, 0.0, -0.0, 0.0, 0.0, 0.0, 1.0],
                [1.0, 0.0, 0.0, 0.112312, 0.0, 0.0, -1.0, 9.898697, 0.0, 1.0, 0.0, -0.0, 0.0, 0.0, 0.0, 1.0],
                [1.0, 0.0, 0.0, 0.104186, 0.0, 0.0, -1.0, 9.904518, 0.0, 1.0, 0.0, -0.0, 0.0, 0.0, 0.0, 1.0],
                [1.0, 0.0, 0.0, 0.095928, 0.0, 0.0, -1.0, 9.910151, 0.0, 1.0, 0.0, -0.0, 0.0, 0.0, 0.0, 1.0],
                [1.0, 0.0, 0.0, 0.087575, 0.0, 0.0, -1.0, 9.915607, 0.0, 1.0, 0.0, -0.0, 0.0, 0.0, 0.0, 1.0],
                [1.0, 0.0, 0.0, 0.079163, 0.0, 0.0, -1.0, 9.920906, 0.0, 1.0, 0.0, -0.0, 0.0, 0.0, 0.0, 1.0],
                [1.0, 0.0, 0.0, 0.070728, 0.0, 0.0, -1.0, 9.926136, 0.0, 1.0, 0.0, -0.0, 0.0, 0.0, 0.0, 1.0],
                [1.0, 0.0, 0.0, 0.062309, 0.0, 0.0, -1.0, 9.931372, 0.0, 1.0, 0.0, -0.0, 0.0, 0.0, 0.0, 1.0],
                [1.0, 0.0, 0.0, 0.053941, 0.0, 0.0, -1.0, 9.936588, 0.0, 1.0, 0.0, -0.0, 0.0, 0.0, 0.0, 1.0],
                [1.0, 0.0, 0.0, 0.045661, 0.0, 0.0, -1.0, 9.941761, 0.0, 1.0, 0.0, -0.0, 0.0, 0.0, 0.0, 1.0],
                [1.0, 0.0, 0.0, 0.037507, 0.0, 0.0, -1.0, 9.946867, 0.0, 1.0, 0.0, -0.0, 0.0, 0.0, 0.0, 1.0],
                [1.0, 0.0, 0.0, 0.029515, 0.0, 0.0, -1.0, 9.951881, 0.0, 1.0, 0.0, -0.0, 0.0, 0.0, 0.0, 1.0],
                [1.0, 0.0, 0.0, 0.021722, 0.0, 0.0, -1.0, 9.956779, 0.0, 1.0, 0.0, -0.0, 0.0, 0.0, 0.0, 1.0],
                [1.0, 0.0, 0.0, 0.014165, 0.0, 0.0, -1.0, 9.961538, 0.0, 1.0, 0.0, -0.0, 0.0, 0.0, 0.0, 1.0],
                [1.0, 0.0, 0.0, 0.006881, 0.0, 0.0, -1.0, 9.966135, 0.0, 1.0, 0.0, -0.0, 0.0, 0.0, 0.0, 1.0],
                [1.0, 0.0, 0.0, -9.4e-05, 0.0, 0.0, -1.0, 9.970543, 0.0, 1.0, 0.0, -0.0, 0.0, 0.0, 0.0, 1.0],
                [1.0, 0.0, 0.0, -0.006723, 0.0, 0.0, -1.0, 9.974737, 0.0, 1.0, 0.0, -0.0, 0.0, 0.0, 0.0, 1.0],
                [1.0, 0.0, 0.0, -0.012968, 0.0, 0.0, -1.0, 9.978697, 0.0, 1.0, 0.0, -0.0, 0.0, 0.0, 0.0, 1.0],
                [1.0, 0.0, 0.0, -0.018794, 0.0, 0.0, -1.0, 9.982397, 0.0, 1.0, 0.0, -0.0, 0.0, 0.0, 0.0, 1.0],
                [1.0, 0.0, 0.0, -0.024162, 0.0, 0.0, -1.0, 9.985811, 0.0, 1.0, 0.0, -0.0, 0.0, 0.0, 0.0, 1.0],
                [1.0, 0.0, 0.0, -0.029037, 0.0, 0.0, -1.0, 9.988918, 0.0, 1.0, 0.0, -0.0, 0.0, 0.0, 0.0, 1.0],
                [1.0, 0.0, 0.0, -0.033382, 0.0, 0.0, -1.0, 9.991692, 0.0, 1.0, 0.0, -0.0, 0.0, 0.0, 0.0, 1.0],
                [1.0, 0.0, 0.0, -0.037159, 0.0, 0.0, -1.0, 9.994108, 0.0, 1.0, 0.0, -0.0, 0.0, 0.0, 0.0, 1.0],
                [1.0, 0.0, 0.0, -0.040332, 0.0, 0.0, -1.0, 9.996143, 0.0, 1.0, 0.0, -0.0, 0.0, 0.0, 0.0, 1.0],
                [1.0, 0.0, 0.0, -0.042864, 0.0, 0.0, -1.0, 9.997776, 0.0, 1.0, 0.0, -0.0, 0.0, 0.0, 0.0, 1.0],
                [1.0, 0.0, 0.0, -0.044718, 0.0, 0.0, -1.0, 9.998978, 0.0, 1.0, 0.0, -0.0, 0.0, 0.0, 0.0, 1.0],
                [1.0, 0.0, 0.0, -0.045858, 0.0, 0.0, -1.0, 9.999729, 0.0, 1.0, 0.0, -0.0, 0.0, 0.0, 0.0, 1.0],
                [1.0, 0.0, 0.0, -0.046246, 0.0, 0.0, -1.0, 10.0, 0.0, 1.0, 0.0, -0.0, 0.0, 0.0, 0.0, 1.0],
                [1.0, 0.0, 0.0, -0.04606, 0.0, 0.0, -1.0, 10.000025, 0.0, 1.0, 0.0, -0.0, 0.0, 0.0, 0.0, 1.0],
                [1.0, 0.0, 0.0, -0.045522, 0.0, 0.0, -1.0, 10.000046, 0.0, 1.0, 0.0, -0.0, 0.0, 0.0, 0.0, 1.0],
                [1.0, 0.0, 0.0, -0.04466, 0.0, 0.0, -1.0, 10.000061, 0.0, 1.0, 0.0, -0.0, 0.0, 0.0, 0.0, 1.0],
                [1.0, 0.0, 0.0, -0.043502, 0.0, 0.0, -1.0, 10.000074, 0.0, 1.0, 0.0, -0.0, 0.0, 0.0, 0.0, 1.0],
                [1.0, 0.0, 0.0, -0.042075, 0.0, 0.0, -1.0, 10.000088, 0.0, 1.0, 0.0, -0.0, 0.0, 0.0, 0.0, 1.0],
                [1.0, 0.0, 0.0, -0.04041, 0.0, 0.0, -1.0, 10.000093, 0.0, 1.0, 0.0, -0.0, 0.0, 0.0, 0.0, 1.0],
                [1.0, 0.0, 0.0, -0.038532, 0.0, 0.0, -1.0, 10.000099, 0.0, 1.0, 0.0, -0.0, 0.0, 0.0, 0.0, 1.0],
                [1.0, 0.0, 0.0, -0.036472, 0.0, 0.0, -1.0, 10.000101, 0.0, 1.0, 0.0, -0.0, 0.0, 0.0, 0.0, 1.0],
                [1.0, 0.0, 0.0, -0.034256, 0.0, 0.0, -1.0, 10.000103, 0.0, 1.0, 0.0, -0.0, 0.0, 0.0, 0.0, 1.0],
                [1.0, 0.0, 0.0, -0.031914, 0.0, 0.0, -1.0, 10.000101, 0.0, 1.0, 0.0, -0.0, 0.0, 0.0, 0.0, 1.0],
                [1.0, 0.0, 0.0, -0.029473, 0.0, 0.0, -1.0, 10.000099, 0.0, 1.0, 0.0, -0.0, 0.0, 0.0, 0.0, 1.0],
                [1.0, 0.0, 0.0, -0.026961, 0.0, 0.0, -1.0, 10.000095, 0.0, 1.0, 0.0, -0.0, 0.0, 0.0, 0.0, 1.0],
                [1.0, 0.0, 0.0, -0.024407, 0.0, 0.0, -1.0, 10.00009, 0.0, 1.0, 0.0, -0.0, 0.0, 0.0, 0.0, 1.0],
                [1.0, 0.0, 0.0, -0.021839, 0.0, 0.0, -1.0, 10.000084, 0.0, 1.0, 0.0, -0.0, 0.0, 0.0, 0.0, 1.0],
                [1.0, 0.0, 0.0, -0.019285, 0.0, 0.0, -1.0, 10.000076, 0.0, 1.0, 0.0, -0.0, 0.0, 0.0, 0.0, 1.0],
                [1.0, 0.0, 0.0, -0.016773, 0.0, 0.0, -1.0, 10.000067, 0.0, 1.0, 0.0, -0.0, 0.0, 0.0, 0.0, 1.0],
                [1.0, 0.0, 0.0, -0.014332, 0.0, 0.0, -1.0, 10.000059, 0.0, 1.0, 0.0, -0.0, 0.0, 0.0, 0.0, 1.0],
                [1.0, 0.0, 0.0, -0.01199, 0.0, 0.0, -1.0, 10.000051, 0.0, 1.0, 0.0, -0.0, 0.0, 0.0, 0.0, 1.0],
                [1.0, 0.0, 0.0, -0.009774, 0.0, 0.0, -1.0, 10.000044, 0.0, 1.0, 0.0, -0.0, 0.0, 0.0, 0.0, 1.0],
                [1.0, 0.0, 0.0, -0.007714, 0.0, 0.0, -1.0, 10.000034, 0.0, 1.0, 0.0, -0.0, 0.0, 0.0, 0.0, 1.0],
                [1.0, 0.0, 0.0, -0.005836, 0.0, 0.0, -1.0, 10.000029, 0.0, 1.0, 0.0, -0.0, 0.0, 0.0, 0.0, 1.0],
                [1.0, 0.0, 0.0, -0.00417, 0.0, 0.0, -1.0, 10.000019, 0.0, 1.0, 0.0, -0.0, 0.0, 0.0, 0.0, 1.0],
                [1.0, 0.0, 0.0, -0.002744, 0.0, 0.0, -1.0, 10.000013, 0.0, 1.0, 0.0, -0.0, 0.0, 0.0, 0.0, 1.0],
                [1.0, 0.0, 0.0, -0.001586, 0.0, 0.0, -1.0, 10.000008, 0.0, 1.0, 0.0, -0.0, 0.0, 0.0, 0.0, 1.0],
                [1.0, 0.0, 0.0, -0.000724, 0.0, 0.0, -1.0, 10.000004, 0.0, 1.0, 0.0, -0.0, 0.0, 0.0, 0.0, 1.0],
                [1.0, 0.0, 0.0, -0.000186, 0.0, 0.0, -1.0, 10.0, 0.0, 1.0, 0.0, -0.0, 0.0, 0.0, 0.0, 1.0],
                [1.0, 0.0, 0.0, 0.0, 0.0, 0.0, -1.0, 10.0, 0.0, 1.0, 0.0, -0.0, 0.0, 0.0, 0.0, 1.0]
            ]
        },
        {
            "name": "B_Calf_L_IK",
            "time": [0.0, 0.0167, 0.0333, 0.05, 0.0667, 0.0833, 0.1, 0.1167, 0.1333, 0.15, 0.1667, 0.1833, 0.2, 0.2167, 0.2333, 0.25, 0.2667, 0.2833, 0.3, 0.3167, 0.3333, 0.35, 0.3667, 0.3833, 0.4, 0.4167, 0.4333, 0.45, 0.4667, 0.4833, 0.5, 0.5167, 0.5333, 0.55, 0.5667, 0.5833, 0.6, 0.6167, 0.6333, 0.65, 0.6667, 0.6833, 0.7, 0.7167, 0.7333, 0.75, 0.7667, 0.7833, 0.8, 0.8167, 0.8333, 0.85, 0.8667, 0.8833, 0.9, 0.9167, 0.9333, 0.95, 0.9667, 0.9833, 1.0, 1.0167, 1.0333, 1.05, 1.0667, 1.0833, 1.1, 1.1167, 1.1333, 1.15, 1.1667, 1.1833, 1.2, 1.2167, 1.2333, 1.25, 1.2667, 1.2833, 1.3, 1.3167, 1.3333, 1.35, 1.3667, 1.3833, 1.4, 1.4167, 1.4333, 1.45, 1.4667, 1.4833, 1.5, 1.5167, 1.5333, 1.55, 1.5667, 1.5833, 1.6, 1.6167, 1.6333, 1.65, 1.6667, 1.6833, 1.7, 1.7167, 1.7333, 1.75, 1.7667, 1.7833, 1.8, 1.8167, 1.8333, 1.85, 1.8667, 1.8833, 1.9, 1.9167, 1.9333, 1.95, 1.9667, 1.9833, 2.0, 2.0167, 2.0333, 2.05, 2.0667, 2.0833, 2.1, 2.1167, 2.1333, 2.15, 2.1667, 2.1833, 2.2, 2.2167, 2.2333, 2.25, 2.2667, 2.2833, 2.3, 2.3167, 2.3333, 2.35, 2.3667, 2.3833, 2.4, 2.4167, 2.4333, 2.45, 2.4667, 2.4833, 2.5, 2.5167, 2.5333, 2.55, 2.5667, 2.5833, 2.6, 2.6167, 2.6333, 2.65, 2.6667, 2.6833, 2.7, 2.7167, 2.7333, 2.75, 2.7667, 2.7833, 2.8, 2.8167, 2.8333, 2.85, 2.8667, 2.8833, 2.9, 2.9167, 2.9333, 2.95, 2.9667, 2.9833, 3.0, 3.0167, 3.0333, 3.05, 3.0667, 3.0833, 3.1, 3.1167, 3.1333, 3.15, 3.1667, 3.1833, 3.2, 3.2167, 3.2333, 3.25, 3.2667, 3.2833, 3.3, 3.3167, 3.3333, 3.35, 3.3667, 3.3833, 3.4, 3.4167, 3.4333, 3.45, 3.4667, 3.4833, 3.5, 3.5167, 3.5333, 3.55, 3.5667, 3.5833, 3.6, 3.6167, 3.6333, 3.65, 3.6667, 3.6833, 3.7, 3.7167, 3.7333, 3.75, 3.7667, 3.7833, 3.8, 3.8167, 3.8333, 3.85, 3.8667, 3.8833, 3.9, 3.9167, 3.9333, 3.95, 3.9667, 3.9833, 4.0, 4.0167, 4.0333, 4.05, 4.0667, 4.0833, 4.1, 4.1167, 4.1333, 4.15, 4.1667, 4.1833, 4.2, 4.2167, 4.2333, 4.25, 4.2667, 4.2833, 4.3, 4.3167, 4.3333],
            "transform": [
                [-0.00023, -0.306253, 0.95195, -0.72, -1.0, 5.8e-05, -0.000223, 0.350667, 1.3e-05, -0.95195, -0.306253, 1.018917, 0.0, 0.0, 0.0, 1.0],
                [-0.00023, -0.306253, 0.95195, -0.72, -1.0, 5.8e-05, -0.000223, 0.350667, 1.3e-05, -0.95195, -0.306253, 1.021337, 0.0, 0.0, 0.0, 1.0],
                [-0.00023, -0.306253, 0.95195, -0.72, -1.0, 5.8e-05, -0.000223, 0.350667, 1.3e-05, -0.95195, -0.306253, 1.028197, 0.0, 0.0, 0.0, 1.0],
                [-0.00023, -0.306253, 0.95195, -0.72, -1.0, 5.8e-05, -0.000223, 0.350667, 1.3e-05, -0.95195, -0.306253, 1.038894, 0.0, 0.0, 0.0, 1.0],
                [-0.00023, -0.306253, 0.95195, -0.72, -1.0, 5.8e-05, -0.000223, 0.350667, 1.3e-05, -0.95195, -0.306253, 1.052827, 0.0, 0.0, 0.0, 1.0],
                [-0.00023, -0.306253, 0.95195, -0.72, -1.0, 5.8e-05, -0.000223, 0.350667, 1.3e-05, -0.95195, -0.306253, 1.069393, 0.0, 0.0, 0.0, 1.0],
                [-0.00023, -0.306253, 0.95195, -0.72, -1.0, 5.8e-05, -0.000223, 0.350667, 1.3e-05, -0.95195, -0.306253, 1.087991, 0.0, 0.0, 0.0, 1.0],
                [-0.00023, -0.306253, 0.95195, -0.72, -1.0, 5.8e-05, -0.000223, 0.350667, 1.3e-05, -0.95195, -0.306253, 1.108019, 0.0, 0.0, 0.0, 1.0],
                [-0.00023, -0.306253, 0.95195, -0.72, -1.0, 5.8e-05, -0.000223, 0.350667, 1.3e-05, -0.95195, -0.306253, 1.128875, 0.0, 0.0, 0.0, 1.0],
                [-0.00023, -0.306253, 0.95195, -0.72, -1.0, 5.8e-05, -0.000223, 0.350667, 1.3e-05, -0.95195, -0.306253, 1.149956, 0.0, 0.0, 0.0, 1.0],
                [-0.00023, -0.306253, 0.95195, -0.72, -1.0, 5.8e-05, -0.000223, 0.350667, 1.3e-05, -0.95195, -0.306253, 1.170661, 0.0, 0.0, 0.0, 1.0],
                [-0.000248, -0.307523, 0.951541, -0.720003, -1.0, 6.1e-05, -0.000242, 0.350667, 1.7e-05, -0.95154, -0.307523, 1.191173, 0.0, 0.0, 0.0, 1.0],
                [-0.000308, -0.311169, 0.950355, -0.72002, -1.0, 5.5e-05, -0.000306, 0.350667, 4.3e-05, -0.950354, -0.311169, 1.211996, 0.0, 0.0, 0.0, 1.0],
                [-0.000415, -0.316939, 0.948446, -0.720068, -1.0, 2.4e-05, -0.00043, 0.350667, 0.000114, -0.948445, -0.316939, 1.233006, 0.0, 0.0, 0.0, 1.0],
                [-0.000579, -0.324579, 0.945858, -0.72016, -1.0, -5e-05, -0.000629, 0.350667, 0.000252, -0.945858, -0.324579, 1.254082, 0.0, 0.0, 0.0, 1.0],
                [-0.000805, -0.333833, 0.942632, -0.720313, -1.0, -0.000183, -0.000918, 0.350667, 0.000479, -0.942632, -0.333833, 1.275101, 0.0, 0.0, 0.0, 1.0],
                [-0.001101, -0.344443, 0.938807, -0.72054, -0.999999, -0.000389, -0.001315, 0.344402, 0.000818, -0.938807, -0.344442, 1.295942, 0.0, 0.0, 0.0, 1.0],
                [-0.001474, -0.356151, 0.934427, -0.720858, -0.999998, -0.000682, -0.001838, 0.325548, 0.001292, -0.934428, -0.35615, 1.316481, 0.0, 0.0, 0.0, 1.0],
                [-0.001932, -0.368704, 0.929545, -0.72128, -0.999996, -0.001074, -0.002505, 0.304853, 0.001922, -0.929546, -0.3687, 1.336597, 0.0, 0.0, 0.0, 1.0],
                [-0.002482, -0.381848, 0.924222, -0.721823, -0.999993, -0.001577, -0.003337, 0.282761, 0.002731, -0.924224, -0.381841, 1.356167, 0.0, 0.0, 0.0, 1.0],
                [-0.003131, -0.395335, 0.918532, -0.7225, -0.999988, -0.002199, -0.004355, 0.259714, 0.003742, -0.918534, -0.395323, 1.375069, 0.0, 0.0, 0.0, 1.0],
                [-0.003886, -0.408921, 0.912561, -0.723328, -0.99998, -0.002952, -0.005581, 0.236156, 0.004976, -0.912565, -0.408901, 1.393181, 0.0, 0.0, 0.0, 1.0],
                [-0.004754, -0.422368, 0.906412, -0.72432, -0.999968, -0.003844, -0.007036, 0.212532, 0.006457, -0.906416, -0.422336, 1.41038, 0.0, 0.0, 0.0, 1.0],
                [-0.005744, -0.435444, 0.900197, -0.725493, -0.99995, -0.004886, -0.008743, 0.189284, 0.008205, -0.900202, -0.435395, 1.426545, 0.0, 0.0, 0.0, 1.0],
                [-0.006861, -0.447925, 0.894045, -0.72686, -0.999924, -0.006087, -0.010723, 0.166856, 0.010245, -0.89405, -0.447849, 1.441552, 0.0, 0.0, 0.0, 1.0],
                [-0.008113, -0.459589, 0.888094, -0.728438, -0.999887, -0.00746, -0.012995, 0.145692, 0.012598, -0.8881, -0.459477, 1.45528, 0.0, 0.0, 0.0, 1.0],
                [-0.009508, -0.470226, 0.882495, -0.73024, -0.999838, -0.00902, -0.015578, 0.126235, 0.015286, -0.8825, -0.470064, 1.467607, 0.0, 0.0, 0.0, 1.0],
                [-0.011052, -0.479627, 0.877403, -0.732283, -0.999771, -0.010785, -0.01849, 0.108928, 0.018331, -0.877406, -0.479398, 1.47841, 0.0, 0.0, 0.0, 1.0],
                [-0.012754, -0.487587, 0.872981, -0.73458, -0.999682, -0.012779, -0.021742, 0.094216, 0.021757, -0.872981, -0.487269, 1.487566, 0.0, 0.0, 0.0, 1.0],
                [-0.014619, -0.493905, 0.869393, -0.737148, -0.999566, -0.015029, -0.025346, 0.082541, 0.025584, -0.869386, -0.493471, 1.494954, 0.0, 0.0, 0.0, 1.0],
                [-0.016656, -0.498379, 0.866799, -0.74, -0.999416, -0.017571, -0.029307, 0.074348, 0.029836, -0.866781, -0.497795, 1.500452, 0.0, 0.0, 0.0, 1.0],
                [-0.01887, -0.501628, 0.864877, -0.743633, -0.999224, -0.020454, -0.033664, 0.06841, 0.034577, -0.864841, -0.500853, 1.504546, 0.0, 0.0, 0.0, 1.0],
                [-0.021261, -0.504432, 0.86319, -0.748394, -0.998982, -0.023643, -0.038423, 0.06318, 0.03979, -0.863127, -0.503416, 1.50787, 0.0, 0.0, 0.0, 1.0],
                [-0.023829, -0.506823, 0.86172, -0.75408, -0.998686, -0.027055, -0.043529, 0.058623, 0.045376, -0.861625, -0.505512, 1.510517, 0.0, 0.0, 0.0, 1.0],
                [-0.026573, -0.508834, 0.860454, -0.760486, -0.998333, -0.030606, -0.04893, 0.054703, 0.051232, -0.86032, -0.507173, 1.512582, 0.0, 0.0, 0.0, 1.0],
                [-0.029492, -0.510496, 0.859374, -0.767407, -0.997924, -0.034212, -0.05457, 0.051382, 0.057259, -0.859199, -0.508427, 1.51416, 0.0, 0.0, 0.0, 1.0],
                [-0.032584, -0.511841, 0.858462, -0.77464, -0.997459, -0.037793, -0.060393, 0.048624, 0.063355, -0.858248, -0.509308, 1.515344, 0.0, 0.0, 0.0, 1.0],
                [-0.03585, -0.512898, 0.857701, -0.781979, -0.996943, -0.041265, -0.066346, 0.046393, 0.069422, -0.857457, -0.509851, 1.516229, 0.0, 0.0, 0.0, 1.0],
                [-0.039287, -0.5137, 0.85707, -0.789221, -0.996382, -0.044546, -0.072372, 0.044652, 0.075357, -0.856813, -0.510091, 1.516909, 0.0, 0.0, 0.0, 1.0],
                [-0.042895, -0.514275, 0.856552, -0.79616, -0.995786, -0.047553, -0.078419, 0.043365, 0.081061, -0.856305, -0.510068, 1.517479, 0.0, 0.0, 0.0, 1.0],
                [-0.046673, -0.514655, 0.856126, -0.802593, -0.995164, -0.050203, -0.084432, 0.042496, 0.086434, -0.855926, -0.509823, 1.518032, 0.0, 0.0, 0.0, 1.0],
                [-0.05062, -0.514869, 0.855773, -0.808314, -0.994529, -0.052412, -0.09036, 0.042007, 0.091376, -0.855665, -0.5094, 1.518665, 0.0, 0.0, 0.0, 1.0],
                [-0.054734, -0.514948, 0.855472, -0.81312, -0.993896, -0.054094, -0.096152, 0.041863, 0.095789, -0.855513, -0.508844, 1.519469, 0.0, 0.0, 0.0, 1.0],
