{
    "animation": [
        {
            "name": "Root",
            "time": [0.0, 0.0167, 0.0333, 0.05, 0.0667, 0.0833, 0.1, 0.1167, 0.1333, 0.15, 0.1667, 0.1833, 0.2, 0.2167, 0.2333, 0.25, 0.2667, 0.2833, 0.3, 0.3167, 0.3333, 0.35, 0.3667, 0.3833, 0.4, 0.4167, 0.4333, 0.45, 0.4667, 0.4833, 0.5, 0.5167, 0.5333, 0.55, 0.5667, 0.5833, 0.6, 0.6167, 0.6333, 0.65, 0.6667, 0.6833, 0.7, 0.7167, 0.7333, 0.75, 0.7667, 0.7833, 0.8, 0.8167, 0.8333, 0.85, 0.8667, 0.8833, 0.9, 0.9167, 0.9333, 0.95, 0.9667, 0.9833, 1.0, 1.0167, 1.0333, 1.05, 1.0667, 1.0833, 1.1, 1.1167, 1.1333, 1.15, 1.1667, 1.1833, 1.2, 1.2167, 1.2333, 1.25, 1.2667, 1.2833, 1.3, 1.3167, 1.3333],
            "transform": [
                [1.0, 0.0, 0.0, -0.005502, 0.0, 0.0, -1.0, 0.001758, 0.0, 1.0, 0.0, 0.000704, 0.0, 0.0, 0.0, 1.0],
                [1.0, 0.0, 0.0, -0.005502, 0.0, 0.0, -1.0, -0.022047, 0.0, 1.0, 0.0, 0.000704, 0.0, 0.0, 0.0, 1.0],
                [1.0, 0.0, 0.0, -0.005502, 0.0, 0.0, -1.0, -0.078327, 0.0, 1.0, 0.0, 0.000704, 0.0, 0.0, 0.0, 1.0],
                [1.0, 0.0, 0.0, -0.005502, 0.0, 0.0, -1.0, -0.144308, 0.0, 1.0, 0.0, 0.000704, 0.0, 0.0, 0.0, 1.0],
                [1.0, 0.0, 0.0, -0.005503, 0.0, 0.0, -1.0, -0.196954, 0.0, 1.0, 0.0, 0.000704, 0.0, 0.0, 0.0, 1.0],
                [1.0, 0.0, 0.0, -0.005503, 0.0, 0.0, -1.0, -0.223855, 0.0, 1.0, 0.0, 0.000704, 0.0, 0.0, 0.0, 1.0],
                [1.0, 0.0, 0.0, -0.005503, 0.0, 0.0, -1.0, -0.233807, 0.0, 1.0, 0.0, 0.000704, 0.0, 0.0, 0.0, 1.0],
                [1.0, 0.0, 0.0, -0.005503, 0.0, 0.0, -1.0, -0.235523, 0.0, 1.0, 0.0, 0.000704, 0.0, 0.0, 0.0, 1.0],
                [1.0, 0.0, 0.0, -0.005503, 0.0, 0.0, -1.0, -0.236237, 0.0, 1.0, 0.0, 0.000704, 0.0, 0.0, 0.0, 1.0],
                [1.0, 0.0, 0.0, -0.005503, 0.0, 0.0, -1.0, -0.23727, 0.0, 1.0, 0.0, 0.000704, 0.0, 0.0, 0.0, 1.0],
                [1.0, 0.0, 0.0, -0.005503, 0.0, 0.0, -1.0, -0.238467, 0.0, 1.0, 0.0, 0.000704, 0.0, 0.0, 0.0, 1.0],
                [1.0, 0.0, 0.0, -0.005503, 0.0, 0.0, -1.0, -0.239671, 0.0, 1.0, 0.0, 0.000704, 0.0, 0.0, 0.0, 1.0],
                [1.0, 0.0, 0.0, -0.005503, 0.0, 0.0, -1.0, -0.240724, 0.0, 1.0, 0.0, 0.000704, 0.0, 0.0, 0.0, 1.0],
                [1.0, 0.0, 0.0, -0.005503, 0.0, 0.0, -1.0, -0.241471, 0.0, 1.0, 0.0, 0.000704, 0.0, 0.0, 0.0, 1.0],
                [1.0, 0.0, 0.0, -0.005503, 0.0, 0.0, -1.0, -0.241755, 0.0, 1.0, 0.0, 0.000704, 0.0, 0.0, 0.0, 1.0],
                [1.0, 0.0, 0.0, -0.005503, 0.0, 0.0, -1.0, -0.182088, 0.0, 1.0, 0.0, 0.000704, 0.0, 0.0, 0.0, 1.0],
                [1.0, 0.0, 0.0, -0.005503, 0.0, 0.0, -1.0, -0.041652, 0.0, 1.0, 0.0, 0.000704, 0.0, 0.0, 0.0, 1.0],
                [1.0, 0.0, 0.0, -0.005503, 0.0, 0.0, -1.0, 0.121709, 0.0, 1.0, 0.0, 0.000704, 0.0, 0.0, 0.0, 1.0],
                [1.0, 0.0, 0.0, -0.005503, 0.0, 0.0, -1.0, 0.260422, 0.0, 1.0, 0.0, 0.000704, 0.0, 0.0, 0.0, 1.0],
                [1.0, 0.0, 0.0, -0.005503, 0.0, 0.0, -1.0, 0.368023, 0.0, 1.0, 0.0, 0.000704, 0.0, 0.0, 0.0, 1.0],
                [1.0, 0.0, 0.0, -0.005503, 0.0, 0.0, -1.0, 0.44832, 0.0, 1.0, 0.0, 0.000704, 0.0, 0.0, 0.0, 1.0],
                [1.0, 0.0, 0.0, -0.005503, 0.0, 0.0, -1.0, 0.506429, 0.0, 1.0, 0.0, 0.000704, 0.0, 0.0, 0.0, 1.0],
                [1.0, 0.0, 0.0, -0.005503, 0.0, 0.0, -1.0, 0.54667, 0.0, 1.0, 0.0, 0.000704, 0.0, 0.0, 0.0, 1.0],
                [1.0, 0.0, 0.0, -0.005503, 0.0, 0.0, -1.0, 0.571658, 0.0, 1.0, 0.0, 0.000704, 0.0, 0.0, 0.0, 1.0],
                [1.0, 0.0, 0.0, -0.005503, 0.0, 0.0, -1.0, 0.584008, 0.0, 1.0, 0.0, 0.000704, 0.0, 0.0, 0.0, 1.0],
                [1.0, 0.0, 0.0, -0.005503, 0.0, 0.0, -1.0, 0.586335, 0.0, 1.0, 0.0, 0.000704, 0.0, 0.0, 0.0, 1.0],
                [1.0, 0.0, 0.0, -0.005503, 0.0, 0.0, -1.0, 0.582823, 0.0, 1.0, 0.0, 0.000704, 0.0, 0.0, 0.0, 1.0],
                [1.0, 0.0, 0.0, -0.005503, 0.0, 0.0, -1.0, 0.576183, 0.0, 1.0, 0.0, 0.000704, 0.0, 0.0, 0.0, 1.0],
                [1.0, 0.0, 0.0, -0.005503, 0.0, 0.0, -1.0, 0.566818, 0.0, 1.0, 0.0, 0.000704, 0.0, 0.0, 0.0, 1.0],
                [1.0, 0.0, 0.0, -0.005503, 0.0, 0.0, -1.0, 0.555131, 0.0, 1.0, 0.0, 0.000704, 0.0, 0.0, 0.0, 1.0],
                [1.0, 0.0, 0.0, -0.005503, 0.0, 0.0, -1.0, 0.541527, 0.0, 1.0, 0.0, 0.000704, 0.0, 0.0, 0.0, 1.0],
                [1.0, 0.0, 0.0, -0.005502, 0.0, 0.0, -1.0, 0.526408, 0.0, 1.0, 0.0, 0.000704, 0.0, 0.0, 0.0, 1.0],
                [1.0, 0.0, 0.0, -0.005502, 0.0, 0.0, -1.0, 0.510178, 0.0, 1.0, 0.0, 0.000704, 0.0, 0.0, 0.0, 1.0],
                [1.0, 0.0, 0.0, -0.005502, 0.0, 0.0, -1.0, 0.493242, 0.0, 1.0, 0.0, 0.000704, 0.0, 0.0, 0.0, 1.0],
                [1.0, 0.0, 0.0, -0.005502, 0.0, 0.0, -1.0, 0.476001, 0.0, 1.0, 0.0, 0.000704, 0.0, 0.0, 0.0, 1.0],
                [1.0, 0.0, 0.0, -0.005502, 0.0, 0.0, -1.0, 0.45886, 0.0, 1.0, 0.0, 0.000704, 0.0, 0.0, 0.0, 1.0],
                [1.0, 0.0, 0.0, -0.005502, 0.0, 0.0, -1.0, 0.442364, 0.0, 1.0, 0.0, 0.000704, 0.0, 0.0, 0.0, 1.0],
                [1.0, 0.0, 0.0, -0.005502, 0.0, 0.0, -1.0, 0.426786, 0.0, 1.0, 0.0, 0.000704, 0.0, 0.0, 0.0, 1.0],
                [1.0, 0.0, 0.0, -0.005502, 0.0, 0.0, -1.0, 0.412123, 0.0, 1.0, 0.0, 0.000704, 0.0, 0.0, 0.0, 1.0],
                [1.0, 0.0, 0.0, -0.005502, 0.0, 0.0, -1.0, 0.398371, 0.0, 1.0, 0.0, 0.000704, 0.0, 0.0, 0.0, 1.0],
                [1.0, 0.0, 0.0, -0.005502, 0.0, 0.0, -1.0, 0.385528, 0.0, 1.0, 0.0, 0.000704, 0.0, 0.0, 0.0, 1.0],
                [1.0, 0.0, 0.0, -0.005502, 0.0, 0.0, -1.0, 0.373588, 0.0, 1.0, 0.0, 0.000704, 0.0, 0.0, 0.0, 1.0],
                [1.0, 0.0, 0.0, -0.005502, 0.0, 0.0, -1.0, 0.362549, 0.0, 1.0, 0.0, 0.000704, 0.0, 0.0, 0.0, 1.0],
                [1.0, 0.0, 0.0, -0.005502, 0.0, 0.0, -1.0, 0.352407, 0.0, 1.0, 0.0, 0.000704, 0.0, 0.0, 0.0, 1.0],
                [1.0, 0.0, 0.0, -0.005502, 0.0, 0.0, -1.0, 0.34316, 0.0, 1.0, 0.0, 0.000704, 0.0, 0.0, 0.0, 1.0],
                [1.0, 0.0, 0.0, -0.005502, 0.0, 0.0, -1.0, 0.334802, 0.0, 1.0, 0.0, 0.000704, 0.0, 0.0, 0.0, 1.0],
                [1.0, 0.0, 0.0, -0.005502, 0.0, 0.0, -1.0, 0.327331, 0.0, 1.0, 0.0, 0.000704, 0.0, 0.0, 0.0, 1.0],
                [1.0, 0.0, 0.0, -0.005502, 0.0, 0.0, -1.0, 0.320743, 0.0, 1.0, 0.0, 0.000704, 0.0, 0.0, 0.0, 1.0],
                [1.0, 0.0, 0.0, -0.005502, 0.0, 0.0, -1.0, 0.315034, 0.0, 1.0, 0.0, 0.000704, 0.0, 0.0, 0.0, 1.0],
                [1.0, 0.0, 0.0, -0.005502, 0.0, 0.0, -1.0, 0.310197, 0.0, 1.0, 0.0, 0.000704, 0.0, 0.0, 0.0, 1.0],
                [1.0, 0.0, 0.0, -0.005502, 0.0, 0.0, -1.0, 0.306208, 0.0, 1.0, 0.0, 0.000704, 0.0, 0.0, 0.0, 1.0],
                [1.0, 0.0, 0.0, -0.005502, 0.0, 0.0, -1.0, 0.303039, 0.0, 1.0, 0.0, 0.000704, 0.0, 0.0, 0.0, 1.0],
                [1.0, 0.0, 0.0, -0.005502, 0.0, 0.0, -1.0, 0.30066, 0.0, 1.0, 0.0, 0.000704, 0.0, 0.0, 0.0, 1.0],
                [1.0, 0.0, 0.0, -0.005502, 0.0, 0.0, -1.0, 0.299044, 0.0, 1.0, 0.0, 0.000704, 0.0, 0.0, 0.0, 1.0],
                [1.0, 0.0, 0.0, -0.005502, 0.0, 0.0, -1.0, 0.298162, 0.0, 1.0, 0.0, 0.000704, 0.0, 0.0, 0.0, 1.0],
                [1.0, 0.0, 0.0, -0.005502, 0.0, 0.0, -1.0, 0.297985, 0.0, 1.0, 0.0, 0.000704, 0.0, 0.0, 0.0, 1.0],
                [1.0, 0.0, 0.0, -0.005502, 0.0, 0.0, -1.0, 0.298181, 0.0, 1.0, 0.0, 0.000704, 0.0, 0.0, 0.0, 1.0],
                [1.0, 0.0, 0.0, -0.005502, 0.0, 0.0, -1.0, 0.298427, 0.0, 1.0, 0.0, 0.000704, 0.0, 0.0, 0.0, 1.0],
                [1.0, 0.0, 0.0, -0.005502, 0.0, 0.0, -1.0, 0.298713, 0.0, 1.0, 0.0, 0.000704, 0.0, 0.0, 0.0, 1.0],
                [1.0, 0.0, 0.0, -0.005502, 0.0, 0.0, -1.0, 0.299028, 0.0, 1.0, 0.0, 0.000704, 0.0, 0.0, 0.0, 1.0],
                [1.0, 0.0, 0.0, -0.005502, 0.0, 0.0, -1.0, 0.299362, 0.0, 1.0, 0.0, 0.000704, 0.0, 0.0, 0.0, 1.0],
                [1.0, 0.0, 0.0, -0.005502, 0.0, 0.0, -1.0, 0.299704, 0.0, 1.0, 0.0, 0.000704, 0.0, 0.0, 0.0, 1.0],
                [1.0, 0.0, 0.0, -0.005502, 0.0, 0.0, -1.0, 0.300044, 0.0, 1.0, 0.0, 0.000704, 0.0, 0.0, 0.0, 1.0],
                [1.0, 0.0, 0.0, -0.005502, 0.0, 0.0, -1.0, 0.300371, 0.0, 1.0, 0.0, 0.000704, 0.0, 0.0, 0.0, 1.0],
                [1.0, 0.0, 0.0, -0.005502, 0.0, 0.0, -1.0, 0.300674, 0.0, 1.0, 0.0, 0.000704, 0.0, 0.0, 0.0, 1.0],
                [1.0, 0.0, 0.0, -0.005502, 0.0, 0.0, -1.0, 0.300943, 0.0, 1.0, 0.0, 0.000704, 0.0, 0.0, 0.0, 1.0],
                [1.0, 0.0, 0.0, -0.005502, 0.0, 0.0, -1.0, 0.30117, 0.0, 1.0, 0.0, 0.000704, 0.0, 0.0, 0.0, 1.0],
                [1.0, 0.0, 0.0, -0.005502, 0.0, 0.0, -1.0, 0.301357, 0.0, 1.0, 0.0, 0.000704, 0.0, 0.0, 0.0, 1.0],
                [1.0, 0.0, 0.0, -0.005502, 0.0, 0.0, -1.0, 0.301506, 0.0, 1.0, 0.0, 0.000704, 0.0, 0.0, 0.0, 1.0],
                [1.0, 0.0, 0.0, -0.005502, 0.0, 0.0, -1.0, 0.301621, 0.0, 1.0, 0.0, 0.000704, 0.0, 0.0, 0.0, 1.0],
                [1.0, 0.0, 0.0, -0.005502, 0.0, 0.0, -1.0, 0.301708, 0.0, 1.0, 0.0, 0.000704, 0.0, 0.0, 0.0, 1.0],
                [1.0, 0.0, 0.0, -0.005502, 0.0, 0.0, -1.0, 0.301768, 0.0, 1.0, 0.0, 0.000704, 0.0, 0.0, 0.0, 1.0],
                [1.0, 0.0, 0.0, -0.005502, 0.0, 0.0, -1.0, 0.301806, 0.0, 1.0, 0.0, 0.000704, 0.0, 0.0, 0.0, 1.0],
                [1.0, 0.0, 0.0, -0.005502, 0.0, 0.0, -1.0, 0.301825, 0.0, 1.0, 0.0, 0.000704, 0.0, 0.0, 0.0, 1.0],
                [1.0, 0.0, 0.0, -0.005502, 0.0, 0.0, -1.0, 0.30183, 0.0, 1.0, 0.0, 0.000704, 0.0, 0.0, 0.0, 1.0],
                [1.0, 0.0, 0.0, -0.005502, 0.0, 0.0, -1.0, 0.301824, 0.0, 1.0, 0.0, 0.000704, 0.0, 0.0, 0.0, 1.0],
                [1.0, 0.0, 0.0, -0.005502, 0.0, 0.0, -1.0, 0.30181, 0.0, 1.0, 0.0, 0.000704, 0.0, 0.0, 0.0, 1.0],
                [1.0, 0.0, 0.0, -0.005502, 0.0, 0.0, -1.0, 0.301793, 0.0, 1.0, 0.0, 0.000704, 0.0, 0.0, 0.0, 1.0],
                [1.0, 0.0, 0.0, -0.005502, 0.0, 0.0, -1.0, 0.301776, 0.0, 1.0, 0.0, 0.000704, 0.0, 0.0, 0.0, 1.0],
                [1.0, 0.0, 0.0, -0.005502, 0.0, 0.0, -1.0, 0.301764, 0.0, 1.0, 0.0, 0.000704, 0.0, 0.0, 0.0, 1.0],
                [1.0, 0.0, 0.0, -0.005502, 0.0, 0.0, -1.0, 0.301758, 0.0, 1.0, 0.0, 0.000704, 0.0, 0.0, 0.0, 1.0]
            ]
        },
        {
            "name": "B_Calf_L_IK",
            "time": [0.0, 0.0167, 0.0333, 0.05, 0.0667, 0.0833, 0.1, 0.1167, 0.1333, 0.15, 0.1667, 0.1833, 0.2, 0.2167, 0.2333, 0.25, 0.2667, 0.2833, 0.3, 0.3167, 0.3333, 0.35, 0.3667, 0.3833, 0.4, 0.4167, 0.4333, 0.45, 0.4667, 0.4833, 0.5, 0.5167, 0.5333, 0.55, 0.5667, 0.5833, 0.6, 0.6167, 0.6333, 0.65, 0.6667, 0.6833, 0.7, 0.7167, 0.7333, 0.75, 0.7667, 0.7833, 0.8, 0.8167, 0.8333, 0.85, 0.8667, 0.8833, 0.9, 0.9167, 0.9333, 0.95, 0.9667, 0.9833, 1.0, 1.0167, 1.0333, 1.05, 1.0667, 1.0833, 1.1, 1.1167, 1.1333, 1.15, 1.1667, 1.1833, 1.2, 1.2167, 1.2333, 1.25, 1.2667, 1.2833, 1.3, 1.3167, 1.3333],
            "transform": [
                [-0.00023, -0.306253, 0.95195, -0.714498, -1.0, 5.8e-05, -0.000223, 0.349963, 1.3e-05, -0.95195, -0.306253, 1.020675, 0.0, 0.0, 0.0, 1.0],
                [-0.00023, -0.306253, 0.95195, -0.714498, -1.0, 5.8e-05, -0.000223, 0.349963, 1.3e-05, -0.95195, -0.306253, 0.996869, 0.0, 0.0, 0.0, 1.0],
                [-0.00023, -0.306253, 0.95195, -0.714498, -1.0, 5.8e-05, -0.000223, 0.349963, 1.3e-05, -0.95195, -0.306253, 0.940589, 0.0, 0.0, 0.0, 1.0],
                [-0.00023, -0.306253, 0.95195, -0.714497, -1.0, 5.8e-05, -0.000223, 0.349963, 1.3e-05, -0.95195, -0.306253, 0.874609, 0.0, 0.0, 0.0, 1.0],
                [-0.00023, -0.306253, 0.95195, -0.714497, -1.0, 5.8e-05, -0.000223, 0.349963, 1.3e-05, -0.95195, -0.306253, 0.821962, 0.0, 0.0, 0.0, 1.0],
                [-0.00023, -0.306253, 0.95195, -0.714497, -1.0, 5.8e-05, -0.000223, 0.349963, 1.3e-05, -0.95195, -0.306253, 0.795062, 0.0, 0.0, 0.0, 1.0],
                [-0.00023, -0.306253, 0.95195, -0.714497, -1.0, 5.8e-05, -0.000223, 0.349963, 1.3e-05, -0.95195, -0.306253, 0.78511, 0.0, 0.0, 0.0, 1.0],
                [-0.00023, -0.306253, 0.95195, -0.714497, -1.0, 5.8e-05, -0.000223, 0.349963, 1.3e-05, -0.95195, -0.306253, 0.783394, 0.0, 0.0, 0.0, 1.0],
                [-0.00023, -0.306253, 0.95195, -0.714497, -1.0, 5.8e-05, -0.000223, 0.349963, 1.3e-05, -0.95195, -0.306253, 0.78268, 0.0, 0.0, 0.0, 1.0],
                [-0.00023, -0.306253, 0.95195, -0.714497, -1.0, 5.8e-05, -0.000223, 0.349963, 1.3e-05, -0.95195, -0.306253, 0.781646, 0.0, 0.0, 0.0, 1.0],
                [-0.00023, -0.306253, 0.95195, -0.714497, -1.0, 5.8e-05, -0.000223, 0.349963, 1.3e-05, -0.95195, -0.306253, 0.78045, 0.0, 0.0, 0.0, 1.0],
                [-0.00023, -0.306253, 0.95195, -0.714497, -1.0, 5.8e-05, -0.000223, 0.349963, 1.3e-05, -0.95195, -0.306253, 0.779246, 0.0, 0.0, 0.0, 1.0],
                [-0.00023, -0.306253, 0.95195, -0.714497, -1.0, 5.8e-05, -0.000223, 0.349963, 1.3e-05, -0.95195, -0.306253, 0.778192, 0.0, 0.0, 0.0, 1.0],
                [-0.00023, -0.306253, 0.95195, -0.714497, -1.0, 5.8e-05, -0.000223, 0.349963, 1.3e-05, -0.95195, -0.306253, 0.777446, 0.0, 0.0, 0.0, 1.0],
                [-0.00023, -0.306253, 0.95195, -0.714497, -1.0, 5.8e-05, -0.000223, 0.349963, 1.3e-05, -0.95195, -0.306253, 0.777162, 0.0, 0.0, 0.0, 1.0],
                [-0.00023, -0.306253, 0.95195, -0.714497, -1.0, 5.8e-05, -0.000223, 0.349963, 1.3e-05, -0.95195, -0.306253, 0.836829, 0.0, 0.0, 0.0, 1.0],
                [0.01744, -0.304412, 0.952381, -0.718793, -0.998311, -0.05809, -0.000286, 0.368171, 0.055411, -0.950767, -0.304911, 0.940672, 0.0, 0.0, 0.0, 1.0],
                [0.05024, -0.300743, 0.952381, -0.730121, -0.986234, -0.165354, -0.000189, 0.401988, 0.157537, -0.939261, -0.30491, 1.011149, 0.0, 0.0, 0.0, 1.0],
                [0.067883, -0.298635, 0.95195, -0.746138, -0.974971, -0.222332, -0.000223, 0.420199, 0.211716, -0.928108, -0.306253, 1.026029, 0.0, 0.0, 0.0, 1.0],
                [0.060808, -0.299491, 0.952159, -0.764499, -0.979885, -0.199562, -0.000192, 0.412897, 0.190072, -0.932995, -0.305602, 1.002081, 0.0, 0.0, 0.0, 1.0],
                [0.043925, -0.301475, 0.952462, -0.782859, -0.989459, -0.144814, -0.000205, 0.395479, 0.137992, -0.942413, -0.304658, 0.957933, 0.0, 0.0, 0.0, 1.0],
                [0.02376, -0.303731, 0.952462, -0.798874, -0.996886, -0.07885, -0.000276, 0.374688, 0.075186, -0.949489, -0.304658, 0.911414, 0.0, 0.0, 0.0, 1.0],
                [0.006858, -0.305526, 0.952159, -0.810201, -0.999729, -0.02328, -0.000269, 0.357268, 0.022248, -0.951899, -0.305603, 0.879555, 0.0, 0.0, 0.0, 1.0],
                [-0.00023, -0.306253, 0.95195, -0.814497, -1.0, 5.8e-05, -0.000223, 0.349963, 1.3e-05, -0.95195, -0.306253, 0.877685, 0.0, 0.0, 0.0, 1.0],
                [-0.00023, -0.306253, 0.95195, -0.814497, -1.0, 5.8e-05, -0.000223, 0.349963, 1.3e-05, -0.95195, -0.306253, 0.890035, 0.0, 0.0, 0.0, 1.0],
                [-0.00023, -0.306253, 0.95195, -0.814497, -1.0, 5.8e-05, -0.000223, 0.349963, 1.3e-05, -0.95195, -0.306253, 0.892361, 0.0, 0.0, 0.0, 1.0],
                [-0.00023, -0.306253, 0.95195, -0.814497, -1.0, 5.8e-05, -0.000223, 0.349963, 1.3e-05, -0.95195, -0.306253, 0.88885, 0.0, 0.0, 0.0, 1.0],
                [-0.00023, -0.306253, 0.95195, -0.814497, -1.0, 5.8e-05, -0.000223, 0.349963, 1.3e-05, -0.95195, -0.306253, 0.882209, 0.0, 0.0, 0.0, 1.0],
                [-0.00023, -0.306253, 0.95195, -0.814497, -1.0, 5.8e-05, -0.000223, 0.349963, 1.3e-05, -0.95195, -0.306253, 0.872844, 0.0, 0.0, 0.0, 1.0],
                [-0.00023, -0.306253, 0.95195, -0.814497, -1.0, 5.8e-05, -0.000223, 0.349963, 1.3e-05, -0.95195, -0.306253, 0.861157, 0.0, 0.0, 0.0, 1.0],
                [-0.00023, -0.306253, 0.95195, -0.814498, -1.0, 5.8e-05, -0.000223, 0.349963, 1.3e-05, -0.95195, -0.306253, 0.847553, 0.0, 0.0, 0.0, 1.0],
                [-0.00023, -0.306253, 0.95195, -0.814498, -1.0, 5.8e-05, -0.000223, 0.349963, 1.3e-05, -0.95195, -0.306253, 0.832434, 0.0, 0.0, 0.0, 1.0],
                [-0.00023, -0.306253, 0.95195, -0.814498, -1.0, 5.8e-05, -0.000223, 0.349963, 1.3e-05, -0.95195, -0.306253, 0.816205, 0.0, 0.0, 0.0, 1.0],
                [-0.00023, -0.306253, 0.95195, -0.814498, -1.0, 5.8e-05, -0.000223, 0.349963, 1.3e-05, -0.95195, -0.306253, 0.799268, 0.0, 0.0, 0.0, 1.0],
                [-0.00023, -0.306253, 0.95195, -0.814498, -1.0, 5.8e-05, -0.000223, 0.349963, 1.3e-05, -0.95195, -0.306253, 0.782027, 0.0, 0.0, 0.0, 1.0],
                [-0.00023, -0.306253, 0.95195, -0.814498, -1.0, 5.8e-05, -0.000223, 0.349963, 1.3e-05, -0.95195, -0.306253, 0.764886, 0.0, 0.0, 0.0, 1.0],
                [-0.00023, -0.306253, 0.95195, -0.814498, -1.0, 5.8e-05, -0.000223, 0.349963, 1.3e-05, -0.95195, -0.306253, 0.74839, 0.0, 0.0, 0.0, 1.0],
                [-0.00023, -0.306253, 0.95195, -0.814498, -1.0, 5.8e-05, -0.000223, 0.349963, 1.3e-05, -0.95195, -0.306253, 0.732812, 0.0, 0.0, 0.0, 1.0],
                [-0.00023, -0.306253, 0.95195, -0.814498, -1.0, 5.8e-05, -0.000223, 0.349963, 1.3e-05, -0.95195, -0.306253, 0.718149, 0.0, 0.0, 0.0, 1.0],
                [-0.00023, -0.306253, 0.95195, -0.814498, -1.0, 5.8e-05, -0.000223, 0.349963, 1.3e-05, -0.95195, -0.306253, 0.704398, 0.0, 0.0, 0.0, 1.0],
                [-0.00023, -0.306253, 0.95195, -0.814498, -1.0, 5.8e-05, -0.000223, 0.349963, 1.3e-05, -0.95195, -0.306253, 0.691554, 0.0, 0.0, 0.0, 1.0],
                [-0.00023, -0.306253, 0.95195, -0.814498, -1.0, 5.8e-05, -0.000223, 0.349963, 1.3e-05, -0.95195, -0.306253, 0.679614, 0.0, 0.0, 0.0, 1.0],
                [-0.00023, -0.306253, 0.95195, -0.814498, -1.0, 5.8e-05, -0.000223, 0.349963, 1.3e-05, -0.95195, -0.306253, 0.668575, 0.0, 0.0, 0.0, 1.0],
                [-0.00023, -0.306253, 0.95195, -0.814498, -1.0, 5.8e-05, -0.000223, 0.349963, 1.3e-05, -0.95195, -0.306253, 0.658434, 0.0, 0.0, 0.0, 1.0],
                [-0.00023, -0.306253, 0.95195, -0.814498, -1.0, 5.8e-05, -0.000223, 0.349963, 1.3e-05, -0.95195, -0.306253, 0.649186, 0.0, 0.0, 0.0, 1.0],
                [-0.00023, -0.306253, 0.95195, -0.814498, -1.0, 5.8e-05, -0.000223, 0.349963, 1.3e-05, -0.95195, -0.306253, 0.640828, 0.0, 0.0, 0.0, 1.0],
                [-0.00023, -0.306253, 0.95195, -0.814498, -1.0, 5.8e-05, -0.000223, 0.349963, 1.3e-05, -0.95195, -0.306253, 0.633357, 0.0, 0.0, 0.0, 1.0],
                [-0.00023, -0.306253, 0.95195, -0.814498, -1.0, 5.8e-05, -0.000223, 0.349963, 1.3e-05, -0.95195, -0.306253, 0.626769, 0.0, 0.0, 0.0, 1.0],
                [-0.00023, -0.306253, 0.95195, -0.814498, -1.0, 5.8e-05, -0.000223, 0.349963, 1.3e-05, -0.95195, -0.306253, 0.62106, 0.0, 0.0, 0.0, 1.0],
                [-0.00023, -0.306253, 0.95195, -0.814498, -1.0, 5.8e-05, -0.000223, 0.349963, 1.3e-05, -0.95195, -0.306253, 0.616224, 0.0, 0.0, 0.0, 1.0],
                [0.003981, -0.306075, 0.951999, -0.813224, -0.999907, -0.013655, -0.000209, 0.352747, 0.013063, -0.951909, -0.3061, 0.615426, 0.0, 0.0, 0.0, 1.0],
                [0.014069, -0.305588, 0.95206, -0.809638, -0.998916, -0.046541, -0.000177, 0.36006, 0.044364, -0.951026, -0.305911, 0.622236, 0.0, 0.0, 0.0, 1.0],
                [0.026216, -0.304874, 0.952032, -0.804097, -0.996279, -0.086184, -0.000165, 0.370346, 0.0821, -0.948485, -0.305999, 0.63724, 0.0, 0.0, 0.0, 1.0],
                [0.036603, -0.304058, 0.95195, -0.796957, -0.992749, -0.120207, -0.000223, 0.382046, 0.114499, -0.945039, -0.306253, 0.661019, 0.0, 0.0, 0.0, 1.0],
                [0.0433, -0.303277, 0.951918, -0.788573, -0.989832, -0.14224, -0.000293, 0.393714, 0.13549, -0.942226, -0.306352, 0.693657, 0.0, 0.0, 0.0, 1.0],
                [0.047361, -0.302596, 0.951941, -0.7793, -0.987825, -0.155568, -0.000304, 0.404346, 0.148184, -0.940337, -0.30628, 0.73323, 0.0, 0.0, 0.0, 1.0],
                [0.049446, -0.302061, 0.952005, -0.769493, -0.986725, -0.162401, -0.000278, 0.413046, 0.15469, -0.939353, -0.306081, 0.77701, 0.0, 0.0, 0.0, 1.0],
                [0.050214, -0.301712, 0.952076, -0.759508, -0.986307, -0.164916, -0.000242, 0.418921, 0.157085, -0.939027, -0.305862, 0.822276, 0.0, 0.0, 0.0, 1.0],
                [0.050324, -0.301588, 0.952109, -0.7497, -0.986247, -0.165275, -0.000223, 0.421077, 0.157427, -0.939004, -0.305758, 0.866624, 0.0, 0.0, 0.0, 1.0],
                [0.046582, -0.30196, 0.952182, -0.740425, -0.988205, -0.153137, -0.000219, 0.415808, 0.145881, -0.94094, -0.305532, 0.907836, 0.0, 0.0, 0.0, 1.0],
                [0.037224, -0.302871, 0.952304, -0.732039, -0.992445, -0.122687, -0.000226, 0.402638, 0.116904, -0.945101, -0.30515, 0.944453, 0.0, 0.0, 0.0, 1.0],
                [0.025054, -0.304017, 0.952337, -0.724898, -0.996556, -0.082918, -0.000253, 0.385518, 0.079043, -0.949051, -0.305048, 0.975206, 0.0, 0.0, 0.0, 1.0],
                [0.012881, -0.305118, 0.952227, -0.719357, -0.999075, -0.043006, -0.000265, 0.368399, 0.041032, -0.951343, -0.30539, 0.998826, 0.0, 0.0, 0.0, 1.0],
                [0.003516, -0.305934, 0.952046, -0.715772, -0.999925, -0.01225, -0.000244, 0.35523, 0.011737, -0.951974, -0.305954, 1.014044, 0.0, 0.0, 0.0, 1.0],
                [-0.00023, -0.306253, 0.95195, -0.714498, -1.0, 5.8e-05, -0.000223, 0.349963, 1.3e-05, -0.95195, -0.306253, 1.019591, 0.0, 0.0, 0.0, 1.0],
                [-0.00023, -0.306253, 0.95195, -0.714498, -1.0, 5.8e-05, -0.000223, 0.349963, 1.3e-05, -0.95195, -0.306253, 1.01986, 0.0, 0.0, 0.0, 1.0],
                [-0.00023, -0.306253, 0.95195, -0.714498, -1.0, 5.8e-05, -0.000223, 0.349963, 1.3e-05, -0.95195, -0.306253, 1.020087, 0.0, 0.0, 0.0, 1.0],
                [-0.00023, -0.306253, 0.95195, -0.714498, -1.0, 5.8e-05, -0.000223, 0.349963, 1.3e-05, -0.95195, -0.306253, 1.020274, 0.0, 0.0, 0.0, 1.0],
                [-0.00023, -0.306253, 0.95195, -0.714498, -1.0, 5.8e-05, -0.000223, 0.349963, 1.3e-05, -0.95195, -0.306253, 1.020423, 0.0, 0.0, 0.0, 1.0],
                [-0.00023, -0.306253, 0.95195, -0.714498, -1.0, 5.8e-05, -0.000223, 0.349963, 1.3e-05, -0.95195, -0.306253, 1.020538, 0.0, 0.0, 0.0, 1.0],
                [-0.00023, -0.306253, 0.95195, -0.714498, -1.0, 5.8e-05, -0.000223, 0.349963, 1.3e-05, -0.95195, -0.306253, 1.020624, 0.0, 0.0, 0.0, 1.0],
                [-0.00023, -0.306253, 0.95195, -0.714498, -1.0, 5.8e-05, -0.000223, 0.349963, 1.3e-05, -0.95195, -0.306253, 1.020684, 0.0, 0.0, 0.0, 1.0],
                [-0.00023, -0.306253, 0.95195, -0.714498, -1.0, 5.8e-05, -0.000223, 0.349963, 1.3e-05, -0.95195, -0.306253, 1.020722, 0.0, 0.0, 0.0, 1.0],
                [-0.00023, -0.306253, 0.95195, -0.714498, -1.0, 5.8e-05, -0.000223, 0.349963, 1.3e-05, -0.95195, -0.306253, 1.020742, 0.0, 0.0, 0.0, 1.0],
                [-0.00023, -0.306253, 0.95195, -0.714498, -1.0, 5.8e-05, -0.000223, 0.349963, 1.3e-05, -0.95195, -0.306253, 1.020747, 0.0, 0.0, 0.0, 1.0],
                [-0.00023, -0.306253, 0.95195, -0.714498, -1.0, 5.8e-05, -0.000223, 0.349963, 1.3e-05, -0.95195, -0.306253, 1.02074, 0.0, 0.0, 0.0, 1.0],
                [-0.00023, -0.306253, 0.95195, -0.714498, -1.0, 5.8e-05, -0.000223, 0.349963, 1.3e-05, -0.95195, -0.306253, 1.020727, 0.0, 0.0, 0.0, 1.0],
                [-0.00023, -0.306253, 0.95195, -0.714498, -1.0, 5.8e-05, -0.000223, 0.349963, 1.3e-05, -0.95195, -0.306253, 1.02071, 0.0, 0.0, 0.0, 1.0],
                [-0.00023, -0.306253, 0.95195, -0.714498, -1.0, 5.8e-05, -0.000223, 0.349963, 1.3e-05, -0.95195, -0.306253, 1.020693, 0.0, 0.0, 0.0, 1.0],
                [-0.00023, -0.306253, 0.95195, -0.714498, -1.0, 5.8e-05, -0.000223, 0.349963, 1.3e-05, -0.95195, -0.306253, 1.02068, 0.0, 0.0, 0.0, 1.0],
                [-0.00023, -0.306253, 0.95195, -0.714498, -1.0, 5.8e-05, -0.000223, 0.349963, 1.3e-05, -0.95195, -0.306253, 1.020675, 0.0, 0.0, 0.0, 1.0]
            ]
        },
        {
            "name": "B_Calf_R_IK",
            "time": [0.0, 0.0167, 0.0333, 0.05, 0.0667, 0.0833, 0.1, 0.1167, 0.1333, 0.15, 0.1667, 0.1833, 0.2, 0.2167, 0.2333, 0.25, 0.2667, 0.2833, 0.3, 0.3167, 0.3333, 0.35, 0.3667, 0.3833, 0.4, 0.4167, 0.4333, 0.45, 0.4667, 0.4833, 0.5, 0.5167, 0.5333, 0.55, 0.5667, 0.5833, 0.6, 0.6167, 0.6333, 0.65, 0.6667, 0.6833, 0.7, 0.7167, 0.7333, 0.75, 0.7667, 0.7833, 0.8, 0.8167, 0.8333, 0.85, 0.8667, 0.8833, 0.9, 0.9167, 0.9333, 0.95, 0.9667, 0.9833, 1.0, 1.0167, 1.0333, 1.05, 1.0667, 1.0833, 1.1, 1.1167, 1.1333, 1.15, 1.1667, 1.1833, 1.2, 1.2167, 1.2333, 1.25, 1.2667, 1.2833, 1.3, 1.3167, 1.3333],
            "transform": [
                [-0.000231, 0.144246, -0.989542, 0.48435, 1.0, 3.3e-05, -0.000228, 0.326625, -0.0, -0.989542, -0.144246, 1.353367, 0.0, 0.0, 0.0, 1.0],
                [-0.000231, 0.144246, -0.989542, 0.48435, 1.0, 3.3e-05, -0.000228, 0.326625, -0.0, -0.989542, -0.144246, 1.329561, 0.0, 0.0, 0.0, 1.0],
                [-0.000231, 0.144246, -0.989542, 0.48435, 1.0, 3.3e-05, -0.000228, 0.326625, -0.0, -0.989542, -0.144246, 1.273281, 0.0, 0.0, 0.0, 1.0],
                [0.008312, 0.143757, -0.989578, 0.496687, 0.998241, -0.059292, -0.000229, 0.340495, -0.058707, -0.987835, -0.143997, 1.231243, 0.0, 0.0, 0.0, 1.0],
                [0.016855, 0.143258, -0.989542, 0.53715, 0.992966, -0.118403, -0.000228, 0.354372, -0.117198, -0.982577, -0.144246, 1.258109, 0.0, 0.0, 0.0, 1.0],
                [0.008312, 0.143757, -0.989578, 0.599812, 0.998241, -0.059292, -0.000229, 0.340501, -0.058707, -0.987835, -0.143997, 1.35545, 0.0, 0.0, 0.0, 1.0],
                [-0.000231, 0.144246, -0.989542, 0.63435, 1.0, 3.3e-05, -0.000228, 0.326625, -0.0, -0.989542, -0.144246, 1.414171, 0.0, 0.0, 0.0, 1.0],
                [-0.000231, 0.144246, -0.989542, 0.63435, 1.0, 3.3e-05, -0.000228, 0.326625, -0.0, -0.989542, -0.144246, 1.412455, 0.0, 0.0, 0.0, 1.0],
                [-0.000231, 0.144246, -0.989542, 0.63435, 1.0, 3.3e-05, -0.000228, 0.326625, -0.0, -0.989542, -0.144246, 1.411741, 0.0, 0.0, 0.0, 1.0],
                [-0.000231, 0.144246, -0.989542, 0.63435, 1.0, 3.3e-05, -0.000228, 0.326625, -0.0, -0.989542, -0.144246, 1.410707, 0.0, 0.0, 0.0, 1.0],
                [-0.000231, 0.144246, -0.989542, 0.63435, 1.0, 3.3e-05, -0.000228, 0.326625, -0.0, -0.989542, -0.144246, 1.40951, 0.0, 0.0, 0.0, 1.0],
                [-0.000231, 0.144246, -0.989542, 0.63435, 1.0, 3.3e-05, -0.000228, 0.326625, -0.0, -0.989542, -0.144246, 1.408307, 0.0, 0.0, 0.0, 1.0],
                [-0.000231, 0.144246, -0.989542, 0.63435, 1.0, 3.3e-05, -0.000228, 0.326625, -0.0, -0.989542, -0.144246, 1.407253, 0.0, 0.0, 0.0, 1.0],
                [-0.000231, 0.144246, -0.989542, 0.63435, 1.0, 3.3e-05, -0.000228, 0.326625, -0.0, -0.989542, -0.144246, 1.406506, 0.0, 0.0, 0.0, 1.0],
                [-0.000231, 0.144246, -0.989542, 0.63435, 1.0, 3.3e-05, -0.000228, 0.326625, -0.0, -0.989542, -0.144246, 1.406222, 0.0, 0.0, 0.0, 1.0],
                [-0.000231, 0.144246, -0.989542, 0.63435, 1.0, 3.3e-05, -0.000228, 0.326625, -0.0, -0.989542, -0.144246, 1.465889, 0.0, 0.0, 0.0, 1.0],
                [-0.000231, 0.144246, -0.989542, 0.63435, 1.0, 3.3e-05, -0.000228, 0.326625, -0.0, -0.989542, -0.144246, 1.606326, 0.0, 0.0, 0.0, 1.0],
                [-0.000231, 0.144246, -0.989542, 0.63435, 1.0, 3.3e-05, -0.000228, 0.326625, -0.0, -0.989542, -0.144246, 1.769686, 0.0, 0.0, 0.0, 1.0],
                [-0.000231, 0.144246, -0.989542, 0.63435, 1.0, 3.3e-05, -0.000228, 0.326625, -0.0, -0.989542, -0.144246, 1.9084, 0.0, 0.0, 0.0, 1.0],
                [-0.000231, 0.144246, -0.989542, 0.63435, 1.0, 3.3e-05, -0.000228, 0.326625, -0.0, -0.989542, -0.144246, 2.016001, 0.0, 0.0, 0.0, 1.0],
                [-0.000231, 0.144246, -0.989542, 0.63435, 1.0, 3.3e-05, -0.000228, 0.326625, -0.0, -0.989542, -0.144246, 2.096298, 0.0, 0.0, 0.0, 1.0],
                [-0.000231, 0.144246, -0.989542, 0.63435, 1.0, 3.3e-05, -0.000228, 0.326625, -0.0, -0.989542, -0.144246, 2.154407, 0.0, 0.0, 0.0, 1.0],
                [0.006401, 0.143276, -0.989662, 0.633507, 0.998913, -0.046616, -0.000288, 0.339338, -0.046175, -0.988584, -0.143419, 2.179627, 0.0, 0.0, 0.0, 1.0],
                [0.020992, 0.141121, -0.98977, 0.631161, 0.988877, -0.148732, -0.000233, 0.367391, -0.147244, -0.978756, -0.142673, 2.164082, 0.0, 0.0, 0.0, 1.0],
                [0.035581, 0.138935, -0.989662, 0.627588, 0.968438, -0.249253, -0.000174, 0.395655, -0.2467, -0.95842, -0.143419, 2.117182, 0.0, 0.0, 0.0, 1.0],
                [0.04221, 0.137932, -0.989542, 0.623062, 0.955767, -0.294124, -0.000228, 0.409, -0.291079, -0.945762, -0.144246, 2.048336, 0.0, 0.0, 0.0, 1.0],
                [0.042144, 0.137938, -0.989544, 0.617855, 0.9559, -0.293693, -0.000228, 0.409685, -0.290653, -0.945895, -0.144232, 1.968106, 0.0, 0.0, 0.0, 1.0],
                [0.041684, 0.137976, -0.989558, 0.612237, 0.956822, -0.290675, -0.000225, 0.4101, -0.287671, -0.946821, -0.144135, 1.883914, 0.0, 0.0, 0.0, 1.0],
                [0.040432, 0.13808, -0.989595, 0.60648, 0.959276, -0.28247, -0.00022, 0.410313, -0.279561, -0.949286, -0.143878, 1.800453, 0.0, 0.0, 0.0, 1.0],
                [0.037996, 0.138282, -0.989664, 0.600857, 0.963854, -0.266431, -0.000222, 0.41039, -0.263708, -0.953883, -0.143407, 1.722421, 0.0, 0.0, 0.0, 1.0],
                [0.033979, 0.138613, -0.989763, 0.595642, 0.970815, -0.239826, -0.000258, 0.4104, -0.237407, -0.960869, -0.142717, 1.654513, 0.0, 0.0, 0.0, 1.0],
                [0.025856, 0.13973, -0.989852, 0.591109, 0.982876, -0.184267, -0.000338, 0.39731, -0.182444, -0.972893, -0.142101, 1.600325, 0.0, 0.0, 0.0, 1.0],
                [0.014405, 0.141647, -0.989812, 0.587535, 0.994578, -0.10399, -0.000407, 0.368512, -0.102989, -0.98444, -0.142377, 1.55905, 0.0, 0.0, 0.0, 1.0],
                [0.004188, 0.143449, -0.989649, 0.585191, 0.999505, -0.031472, -0.000332, 0.339714, -0.031193, -0.989157, -0.14351, 1.52878, 0.0, 0.0, 0.0, 1.0],
                [-0.000231, 0.144246, -0.989542, 0.58435, 1.0, 3.3e-05, -0.000228, 0.326625, -0.0, -0.989542, -0.144246, 1.507609, 0.0, 0.0, 0.0, 1.0],
                [-0.000231, 0.144246, -0.989542, 0.58435, 1.0, 3.3e-05, -0.000228, 0.326625, -0.0, -0.989542, -0.144246, 1.490468, 0.0, 0.0, 0.0, 1.0],
                [-0.000231, 0.144246, -0.989542, 0.58435, 1.0, 3.3e-05, -0.000228, 0.326625, -0.0, -0.989542, -0.144246, 1.473972, 0.0, 0.0, 0.0, 1.0],
                [-0.000231, 0.144246, -0.989542, 0.58435, 1.0, 3.3e-05, -0.000228, 0.326625, -0.0, -0.989542, -0.144246, 1.458394, 0.0, 0.0, 0.0, 1.0],
                [-0.000231, 0.144246, -0.989542, 0.58435, 1.0, 3.3e-05, -0.000228, 0.326625, -0.0, -0.989542, -0.144246, 1.443731, 0.0, 0.0, 0.0, 1.0],
                [-0.000231, 0.144246, -0.989542, 0.58435, 1.0, 3.3e-05, -0.000228, 0.326625, -0.0, -0.989542, -0.144246, 1.42998, 0.0, 0.0, 0.0, 1.0],
                [-0.000231, 0.144246, -0.989542, 0.58435, 1.0, 3.3e-05, -0.000228, 0.326625, -0.0, -0.989542, -0.144246, 1.417136, 0.0, 0.0, 0.0, 1.0],
                [-0.000231, 0.144246, -0.989542, 0.58435, 1.0, 3.3e-05, -0.000228, 0.326625, -0.0, -0.989542, -0.144246, 1.405196, 0.0, 0.0, 0.0, 1.0],
                [-0.000231, 0.144246, -0.989542, 0.58435, 1.0, 3.3e-05, -0.000228, 0.326625, -0.0, -0.989542, -0.144246, 1.394157, 0.0, 0.0, 0.0, 1.0],
                [-0.000231, 0.144246, -0.989542, 0.58435, 1.0, 3.3e-05, -0.000228, 0.326625, -0.0, -0.989542, -0.144246, 1.384016, 0.0, 0.0, 0.0, 1.0],
                [-0.000231, 0.144246, -0.989542, 0.58435, 1.0, 3.3e-05, -0.000228, 0.326625, -0.0, -0.989542, -0.144246, 1.374768, 0.0, 0.0, 0.0, 1.0],
                [-0.000231, 0.144246, -0.989542, 0.58435, 1.0, 3.3e-05, -0.000228, 0.326625, -0.0, -0.989542, -0.144246, 1.36641, 0.0, 0.0, 0.0, 1.0],
                [-0.000231, 0.144246, -0.989542, 0.58435, 1.0, 3.3e-05, -0.000228, 0.326625, -0.0, -0.989542, -0.144246, 1.358939, 0.0, 0.0, 0.0, 1.0],
                [-0.000231, 0.144246, -0.989542, 0.58435, 1.0, 3.3e-05, -0.000228, 0.326625, -0.0, -0.989542, -0.144246, 1.352351, 0.0, 0.0, 0.0, 1.0],
                [-0.000231, 0.144246, -0.989542, 0.584349, 1.0, 3.3e-05, -0.000228, 0.326625, -0.0, -0.989542, -0.144246, 1.346642, 0.0, 0.0, 0.0, 1.0],
                [-0.000231, 0.144246, -0.989542, 0.584349, 1.0, 3.3e-05, -0.000228, 0.326625, -0.0, -0.989542, -0.144246, 1.341806, 0.0, 0.0, 0.0, 1.0],
                [-0.000231, 0.144246, -0.989542, 0.584349, 1.0, 3.3e-05, -0.000228, 0.326625, -0.0, -0.989542, -0.144246, 1.337817, 0.0, 0.0, 0.0, 1.0],
                [-0.000231, 0.144246, -0.989542, 0.584349, 1.0, 3.3e-05, -0.000228, 0.326625, -0.0, -0.989542, -0.144246, 1.334647, 0.0, 0.0, 0.0, 1.0],
                [-0.000231, 0.144246, -0.989542, 0.584349, 1.0, 3.3e-05, -0.000228, 0.326625, -0.0, -0.989542, -0.144246, 1.332268, 0.0, 0.0, 0.0, 1.0],
                [-0.000231, 0.144246, -0.989542, 0.584349, 1.0, 3.3e-05, -0.000228, 0.326625, -0.0, -0.989542, -0.144246, 1.330652, 0.0, 0.0, 0.0, 1.0],
                [-0.000231, 0.144246, -0.989542, 0.584349, 1.0, 3.3e-05, -0.000228, 0.326625, -0.0, -0.989542, -0.144246, 1.32977, 0.0, 0.0, 0.0, 1.0],
                [-0.000231, 0.144246, -0.989542, 0.584349, 1.0, 3.3e-05, -0.000228, 0.326625, -0.0, -0.989542, -0.144246, 1.329594, 0.0, 0.0, 0.0, 1.0],
                [-0.000231, 0.144246, -0.989542, 0.584349, 1.0, 3.3e-05, -0.000228, 0.326625, -0.0, -0.989542, -0.144246, 1.329789, 0.0, 0.0, 0.0, 1.0],
                [-0.000231, 0.144246, -0.989542, 0.584349, 1.0, 3.3e-05, -0.000228, 0.326625, -0.0, -0.989542, -0.144246, 1.330035, 0.0, 0.0, 0.0, 1.0],
                [-0.000231, 0.144246, -0.989542, 0.584349, 1.0, 3.3e-05, -0.000228, 0.326625, -0.0, -0.989542, -0.144246, 1.330321, 0.0, 0.0, 0.0, 1.0],
                [-0.000231, 0.144246, -0.989542, 0.584349, 1.0, 3.3e-05, -0.000228, 0.326625, -0.0, -0.989542, -0.144246, 1.330637, 0.0, 0.0, 0.0, 1.0],
                [-0.000231, 0.144246, -0.989542, 0.584349, 1.0, 3.3e-05, -0.000228, 0.326625, -0.0, -0.989542, -0.144246, 1.330971, 0.0, 0.0, 0.0, 1.0],
                [-0.000231, 0.144246, -0.989542, 0.584349, 1.0, 3.3e-05, -0.000228, 0.326625, -0.0, -0.989542, -0.144246, 1.331313, 0.0, 0.0, 0.0, 1.0],
                [-0.000231, 0.144246, -0.989542, 0.584349, 1.0, 3.3e-05, -0.000228, 0.326625, -0.0, -0.989542, -0.144246, 1.331652, 0.0, 0.0, 0.0, 1.0],
                [-0.000231, 0.144246, -0.989542, 0.584349, 1.0, 3.3e-05, -0.000228, 0.326625, -0.0, -0.989542, -0.144246, 1.331979, 0.0, 0.0, 0.0, 1.0],
                [-0.000231, 0.144246, -0.989542, 0.584349, 1.0, 3.3e-05, -0.000228, 0.326625, -0.0, -0.989542, -0.144246, 1.332283, 0.0, 0.0, 0.0, 1.0],
                [-0.000231, 0.144246, -0.989542, 0.584349, 1.0, 3.3e-05, -0.000228, 0.326625, -0.0, -0.989542, -0.144246, 1.332552, 0.0, 0.0, 0.0, 1.0],
                [-0.000231, 0.144246, -0.989542, 0.584349, 1.0, 3.3e-05, -0.000228, 0.326625, -0.0, -0.989542, -0.144246, 1.332779, 0.0, 0.0, 0.0, 1.0],
                [-0.000231, 0.144246, -0.989542, 0.584349, 1.0, 3.3e-05, -0.000228, 0.326625, -0.0, -0.989542, -0.144246, 1.332965, 0.0, 0.0, 0.0, 1.0],
                [-0.000231, 0.144246, -0.989542, 0.584349, 1.0, 3.3e-05, -0.000228, 0.326625, -0.0, -0.989542, -0.144246, 1.333114, 0.0, 0.0, 0.0, 1.0],
                [-0.000231, 0.144246, -0.989542, 0.584349, 1.0, 3.3e-05, -0.000228, 0.326625, -0.0, -0.989542, -0.144246, 1.33323, 0.0, 0.0, 0.0, 1.0],
                [-0.000231, 0.144246, -0.989542, 0.584349, 1.0, 3.3e-05, -0.000228, 0.326625, -0.0, -0.989542, -0.144246, 1.333316, 0.0, 0.0, 0.0, 1.0],
                [-0.000231, 0.144246, -0.989542, 0.584349, 1.0, 3.3e-05, -0.000228, 0.326625, -0.0, -0.989542, -0.144246, 1.333376, 0.0, 0.0, 0.0, 1.0],
                [-0.000231, 0.144246, -0.989542, 0.580052, 0.999997, -0.002299, -0.000568, 0.327438, -0.002357, -0.989539, -0.144245, 1.334273, 0.0, 0.0, 0.0, 1.0],
                [-0.000231, 0.144246, -0.989542, 0.568724, 0.999972, -0.00743, -0.001316, 0.329228, -0.007542, -0.989514, -0.14424, 1.336558, 0.0, 0.0, 0.0, 1.0],
                [-0.000231, 0.144246, -0.989542, 0.552709, 0.999919, -0.01256, -0.002064, 0.331017, -0.012726, -0.989462, -0.144232, 1.339766, 0.0, 0.0, 0.0, 1.0],
                [-0.000231, 0.144246, -0.989542, 0.534349, 0.999886, -0.014892, -0.002404, 0.331827, -0.015083, -0.98943, -0.144226, 1.343432, 0.0, 0.0, 0.0, 1.0],
                [-0.000231, 0.144246, -0.989542, 0.51599, 0.999919, -0.01256, -0.002064, 0.331012, -0.012726, -0.989462, -0.144232, 1.34709, 0.0, 0.0, 0.0, 1.0],
                [-0.000231, 0.144246, -0.989542, 0.499974, 0.999972, -0.00743, -0.001316, 0.329224, -0.007542, -0.989514, -0.14424, 1.350277, 0.0, 0.0, 0.0, 1.0],
                [-0.000231, 0.144246, -0.989542, 0.488646, 0.999997, -0.002299, -0.000568, 0.327437, -0.002357, -0.989539, -0.144245, 1.352525, 0.0, 0.0, 0.0, 1.0],
                [-0.000231, 0.144246, -0.989542, 0.484349, 1.0, 3.3e-05, -0.000228, 0.326625, -0.0, -0.989542, -0.144246, 1.353372, 0.0, 0.0, 0.0, 1.0],
                [-0.000231, 0.144246, -0.989542, 0.48435, 1.0, 3.3e-05, -0.000228, 0.326625, -0.0, -0.989542, -0.144246, 1.353367, 0.0, 0.0, 0.0, 1.0]
            ]
        },
        {
            "name": "F_Foot_L_IK",
            "time": [0.0, 0.0167, 0.0333, 0.05, 0.0667, 0.0833, 0.1, 0.1167, 0.1333, 0.15, 0.1667, 0.1833, 0.2, 0.2167, 0.2333, 0.25, 0.2667, 0.2833, 0.3, 0.3167, 0.3333, 0.35, 0.3667, 0.3833, 0.4, 0.4167, 0.4333, 0.45, 0.4667, 0.4833, 0.5, 0.5167, 0.5333, 0.55, 0.5667, 0.5833, 0.6, 0.6167, 0.6333, 0.65, 0.6667, 0.6833, 0.7, 0.7167, 0.7333, 0.75, 0.7667, 0.7833, 0.8, 0.8167, 0.8333, 0.85, 0.8667, 0.8833, 0.9, 0.9167, 0.9333, 0.95, 0.9667, 0.9833, 1.0, 1.0167, 1.0333, 1.05, 1.0667, 1.0833, 1.1, 1.1167, 1.1333, 1.15, 1.1667, 1.1833, 1.2, 1.2167, 1.2333, 1.25, 1.2667, 1.2833, 1.3, 1.3167, 1.3333],
            "transform": [
                [-0.060738, -0.024051, -0.997864, -0.554498, 0.422433, -0.906385, -0.003867, 0.359962, -0.904357, -0.421766, 0.065212, -1.023073, 0.0, 0.0, 0.0, 1.0],
                [-0.060738, -0.024051, -0.997864, -0.554498, 0.422433, -0.906385, -0.003867, 0.359963, -0.904357, -0.421766, 0.065212, -1.046879, 0.0, 0.0, 0.0, 1.0],
                [-0.060738, -0.024051, -0.997864, -0.554498, 0.422433, -0.906385, -0.003867, 0.35996, -0.904357, -0.421766, 0.065212, -1.103159, 0.0, 0.0, 0.0, 1.0],
                [-0.060738, -0.024051, -0.997864, -0.554498, 0.422433, -0.906385, -0.003867, 0.359952, -0.904357, -0.421766, 0.065212, -1.169142, 0.0, 0.0, 0.0, 1.0],
                [-0.060738, -0.024051, -0.997864, -0.554498, 0.422433, -0.906385, -0.003867, 0.359957, -0.904357, -0.421766, 0.065212, -1.221788, 0.0, 0.0, 0.0, 1.0],
                [-0.060738, -0.024051, -0.997864, -0.554498, 0.422433, -0.906385, -0.003867, 0.359959, -0.904357, -0.421766, 0.065212, -1.248688, 0.0, 0.0, 0.0, 1.0],
                [-0.060738, -0.024051, -0.997864, -0.554498, 0.422433, -0.906385, -0.003867, 0.35996, -0.904357, -0.421766, 0.065212, -1.258639, 0.0, 0.0, 0.0, 1.0],
                [-0.060738, -0.024051, -0.997864, -0.554497, 0.422433, -0.906385, -0.003867, 0.359961, -0.904357, -0.421766, 0.065212, -1.260355, 0.0, 0.0, 0.0, 1.0],
                [-0.061057, -0.02282, -0.997874, -0.557858, 0.404157, -0.914682, -0.003811, 0.3651, -0.91265, -0.40353, 0.065071, -1.266609, 0.0, 0.0, 0.0, 1.0],
                [-0.061853, -0.019744, -0.99789, -0.566978, 0.35777, -0.933802, -0.0037, 0.377947, -0.931759, -0.357244, 0.064822, -1.284975, 0.0, 0.0, 0.0, 1.0],
                [-0.062887, -0.015744, -0.997897, -0.580417, 0.296139, -0.955138, -0.003593, 0.394647, -0.953072, -0.295742, 0.064728, -1.316364, 0.0, 0.0, 0.0, 1.0],
                [-0.063919, -0.011744, -0.997886, -0.596738, 0.23325, -0.97241, -0.003497, 0.411347, -0.970314, -0.23298, 0.064895, -1.361687, 0.0, 0.0, 0.0, 1.0],
                [-0.064713, -0.008666, -0.997866, -0.614498, 0.184187, -0.982885, -0.003409, 0.424193, -0.980759, -0.184014, 0.065202, -1.421856, 0.0, 0.0, 0.0, 1.0],
                [-0.06503, -0.007436, -0.997856, -0.632258, 0.164426, -0.986384, -0.003366, 0.429331, -0.984244, -0.164292, 0.065367, -1.497781, 0.0, 0.0, 0.0, 1.0],
                [-0.064361, -0.010032, -0.997876, -0.648578, 0.206023, -0.978541, -0.003451, 0.418492, -0.976428, -0.205807, 0.065047, -1.587027, 0.0, 0.0, 0.0, 1.0],
