{
    "animation": [
        {
            "name": "Root",
            "time": [0.0, 0.0167, 0.0333, 0.05, 0.0667, 0.0833, 0.1, 0.1167, 0.1333, 0.15, 0.1667, 0.1833, 0.2, 0.2167, 0.2333, 0.25, 0.2667, 0.2833, 0.3, 0.3167, 0.3333, 0.35, 0.3667, 0.3833, 0.4, 0.4167, 0.4333, 0.45, 0.4667, 0.4833, 0.5, 0.5167, 0.5333, 0.55, 0.5667, 0.5833, 0.6, 0.6167, 0.6333, 0.65, 0.6667, 0.6833, 0.7, 0.7167, 0.7333, 0.75, 0.7667, 0.7833, 0.8, 0.8167, 0.8333, 0.85, 0.8667, 0.8833, 0.9, 0.9167, 0.9333, 0.95, 0.9667, 0.9833, 1.0, 1.0167, 1.0333, 1.05, 1.0667, 1.0833, 1.1, 1.1167, 1.1333, 1.15, 1.1667, 1.1833, 1.2, 1.2167, 1.2333, 1.25, 1.2667, 1.2833, 1.3, 1.3167, 1.3333],
            "transform": [
                [1.0, 0.0, 0.0, -0.005502, 0.0, 0.0, -1.0, 0.001758, 0.0, 1.0, 0.0, 0.000704, 0.0, 0.0, 0.0, 1.0],
                [1.0, 0.0, 0.0, -0.005518, 0.0, 0.0, -1.0, 0.001808, 0.0, 1.0, 0.0, 0.000704, 0.0, 0.0, 0.0, 1.0],
                [1.0, 0.0, 0.0, -0.005628, 0.0, 0.0, -1.0, 0.001612, 0.0, 1.0, 0.0, 0.000704, 0.0, 0.0, 0.0, 1.0],
                [1.0, 0.0, 0.0, -0.005928, 0.0, 0.0, -1.0, 0.000654, 0.0, 1.0, 0.0, 0.000704, 0.0, 0.0, 0.0, 1.0],
                [1.0, 0.0, 0.0, -0.006511, 0.0, 0.0, -1.0, -0.001582, 0.0, 1.0, 0.0, 0.000704, 0.0, 0.0, 0.0, 1.0],
                [1.0, 0.0, 0.0, -0.007473, 0.0, 0.0, -1.0, -0.005612, 0.0, 1.0, 0.0, 0.000704, 0.0, 0.0, 0.0, 1.0],
                [1.0, 0.0, 0.0, -0.008907, 0.0, 0.0, -1.0, -0.011954, 0.0, 1.0, 0.0, 0.000704, 0.0, 0.0, 0.0, 1.0],
                [1.0, 0.0, 0.0, -0.010909, 0.0, 0.0, -1.0, -0.021124, 0.0, 1.0, 0.0, 0.000704, 0.0, 0.0, 0.0, 1.0],
                [1.0, 0.0, 0.0, -0.019204, 0.0, 0.0, -1.0, -0.040562, 0.0, 1.0, 0.0, 0.000704, 0.0, 0.0, 0.0, 1.0],
                [1.0, 0.0, 0.0, -0.033309, 0.0, 0.0, -1.0, -0.065943, 0.0, 1.0, 0.0, 0.000704, 0.0, 0.0, 0.0, 1.0],
                [1.0, 0.0, 0.0, -0.044009, 0.0, 0.0, -1.0, -0.080135, 0.0, 1.0, 0.0, 0.000704, 0.0, 0.0, 0.0, 1.0],
                [1.0, 0.0, 0.0, -0.049286, 0.0, 0.0, -1.0, -0.082266, 0.0, 1.0, 0.0, 0.000704, 0.0, 0.0, 0.0, 1.0],
                [1.0, 0.0, 0.0, -0.053371, 0.0, 0.0, -1.0, -0.08299, 0.0, 1.0, 0.0, 0.000704, 0.0, 0.0, 0.0, 1.0],
                [1.0, 0.0, 0.0, -0.056423, 0.0, 0.0, -1.0, -0.082466, 0.0, 1.0, 0.0, 0.000704, 0.0, 0.0, 0.0, 1.0],
                [1.0, 0.0, 0.0, -0.058596, 0.0, 0.0, -1.0, -0.080851, 0.0, 1.0, 0.0, 0.000704, 0.0, 0.0, 0.0, 1.0],
                [1.0, 0.0, 0.0, -0.060048, 0.0, 0.0, -1.0, -0.078304, 0.0, 1.0, 0.0, 0.000704, 0.0, 0.0, 0.0, 1.0],
                [1.0, 0.0, 0.0, -0.060936, 0.0, 0.0, -1.0, -0.074982, 0.0, 1.0, 0.0, 0.000704, 0.0, 0.0, 0.0, 1.0],
                [1.0, 0.0, 0.0, -0.061417, 0.0, 0.0, -1.0, -0.071046, 0.0, 1.0, 0.0, 0.000704, 0.0, 0.0, 0.0, 1.0],
                [1.0, 0.0, 0.0, -0.061647, 0.0, 0.0, -1.0, -0.066651, 0.0, 1.0, 0.0, 0.000704, 0.0, 0.0, 0.0, 1.0],
                [1.0, 0.0, 0.0, -0.061783, 0.0, 0.0, -1.0, -0.061958, 0.0, 1.0, 0.0, 0.000704, 0.0, 0.0, 0.0, 1.0],
                [1.0, 0.0, 0.0, -0.061951, 0.0, 0.0, -1.0, -0.05719, 0.0, 1.0, 0.0, 0.000704, 0.0, 0.0, 0.0, 1.0],
                [1.0, 0.0, 0.0, -0.06215, 0.0, 0.0, -1.0, -0.052838, 0.0, 1.0, 0.0, 0.000704, 0.0, 0.0, 0.0, 1.0],
                [1.0, 0.0, 0.0, -0.062348, 0.0, 0.0, -1.0, -0.049461, 0.0, 1.0, 0.0, 0.000704, 0.0, 0.0, 0.0, 1.0],
                [1.0, 0.0, 0.0, -0.062467, 0.0, 0.0, -1.0, -0.047148, 0.0, 1.0, 0.0, 0.000704, 0.0, 0.0, 0.0, 1.0],
                [1.0, 0.0, 0.0, -0.062363, 0.0, 0.0, -1.0, -0.044494, 0.0, 1.0, 0.0, 0.000704, 0.0, 0.0, 0.0, 1.0],
                [1.0, 0.0, 0.0, -0.062019, 0.0, 0.0, -1.0, -0.041087, 0.0, 1.0, 0.0, 0.000704, 0.0, 0.0, 0.0, 1.0],
                [1.0, 0.0, 0.0, -0.061383, 0.0, 0.0, -1.0, -0.036878, 0.0, 1.0, 0.0, 0.000704, 0.0, 0.0, 0.0, 1.0],
                [1.0, 0.0, 0.0, -0.060406, 0.0, 0.0, -1.0, -0.03182, 0.0, 1.0, 0.0, 0.000704, 0.0, 0.0, 0.0, 1.0],
                [1.0, 0.0, 0.0, -0.059035, 0.0, 0.0, -1.0, -0.025866, 0.0, 1.0, 0.0, 0.000704, 0.0, 0.0, 0.0, 1.0],
                [1.0, 0.0, 0.0, -0.057222, 0.0, 0.0, -1.0, -0.018969, 0.0, 1.0, 0.0, 0.000704, 0.0, 0.0, 0.0, 1.0],
                [1.0, 0.0, 0.0, -0.054915, 0.0, 0.0, -1.0, -0.01108, 0.0, 1.0, 0.0, 0.000704, 0.0, 0.0, 0.0, 1.0],
                [1.0, 0.0, 0.0, -0.052063, 0.0, 0.0, -1.0, -0.002154, 0.0, 1.0, 0.0, 0.000704, 0.0, 0.0, 0.0, 1.0],
                [1.0, 0.0, 0.0, -0.048615, 0.0, 0.0, -1.0, 0.007859, 0.0, 1.0, 0.0, 0.000704, 0.0, 0.0, 0.0, 1.0],
                [1.0, 0.0, 0.0, -0.044522, 0.0, 0.0, -1.0, 0.019004, 0.0, 1.0, 0.0, 0.000704, 0.0, 0.0, 0.0, 1.0],
                [1.0, 0.0, 0.0, -0.039793, 0.0, 0.0, -1.0, 0.030571, 0.0, 1.0, 0.0, 0.000704, 0.0, 0.0, 0.0, 1.0],
                [1.0, 0.0, 0.0, -0.034681, 0.0, 0.0, -1.0, 0.042331, 0.0, 1.0, 0.0, 0.000704, 0.0, 0.0, 0.0, 1.0],
                [1.0, 0.0, 0.0, -0.029496, 0.0, 0.0, -1.0, 0.055057, 0.0, 1.0, 0.0, 0.000704, 0.0, 0.0, 0.0, 1.0],
                [1.0, 0.0, 0.0, -0.024554, 0.0, 0.0, -1.0, 0.069525, 0.0, 1.0, 0.0, 0.000704, 0.0, 0.0, 0.0, 1.0],
                [1.0, 0.0, 0.0, -0.020165, 0.0, 0.0, -1.0, 0.085296, 0.0, 1.0, 0.0, 0.000704, 0.0, 0.0, 0.0, 1.0],
                [1.0, 0.0, 0.0, -0.016643, 0.0, 0.0, -1.0, 0.100798, 0.0, 1.0, 0.0, 0.000704, 0.0, 0.0, 0.0, 1.0],
                [1.0, 0.0, 0.0, -0.014301, 0.0, 0.0, -1.0, 0.115099, 0.0, 1.0, 0.0, 0.000704, 0.0, 0.0, 0.0, 1.0],
                [1.0, 0.0, 0.0, -0.013451, 0.0, 0.0, -1.0, 0.12727, 0.0, 1.0, 0.0, 0.000704, 0.0, 0.0, 0.0, 1.0],
                [1.0, 0.0, 0.0, -0.013668, 0.0, 0.0, -1.0, 0.136562, 0.0, 1.0, 0.0, 0.000704, 0.0, 0.0, 0.0, 1.0],
                [1.0, 0.0, 0.0, -0.014241, 0.0, 0.0, -1.0, 0.142964, 0.0, 1.0, 0.0, 0.000704, 0.0, 0.0, 0.0, 1.0],
                [1.0, 0.0, 0.0, -0.015051, 0.0, 0.0, -1.0, 0.146646, 0.0, 1.0, 0.0, 0.000704, 0.0, 0.0, 0.0, 1.0],
                [1.0, 0.0, 0.0, -0.015979, 0.0, 0.0, -1.0, 0.147781, 0.0, 1.0, 0.0, 0.000704, 0.0, 0.0, 0.0, 1.0],
                [1.0, 0.0, 0.0, -0.016908, 0.0, 0.0, -1.0, 0.14654, 0.0, 1.0, 0.0, 0.000704, 0.0, 0.0, 0.0, 1.0],
                [1.0, 0.0, 0.0, -0.017718, 0.0, 0.0, -1.0, 0.143094, 0.0, 1.0, 0.0, 0.000704, 0.0, 0.0, 0.0, 1.0],
                [1.0, 0.0, 0.0, -0.018291, 0.0, 0.0, -1.0, 0.137615, 0.0, 1.0, 0.0, 0.000704, 0.0, 0.0, 0.0, 1.0],
                [1.0, 0.0, 0.0, -0.018508, 0.0, 0.0, -1.0, 0.130274, 0.0, 1.0, 0.0, 0.000704, 0.0, 0.0, 0.0, 1.0],
                [1.0, 0.0, 0.0, -0.018144, 0.0, 0.0, -1.0, 0.121796, 0.0, 1.0, 0.0, 0.000704, 0.0, 0.0, 0.0, 1.0],
                [1.0, 0.0, 0.0, -0.017156, 0.0, 0.0, -1.0, 0.115121, 0.0, 1.0, 0.0, 0.000704, 0.0, 0.0, 0.0, 1.0],
                [1.0, 0.0, 0.0, -0.0157, 0.0, 0.0, -1.0, 0.113741, 0.0, 1.0, 0.0, 0.000704, 0.0, 0.0, 0.0, 1.0],
                [1.0, 0.0, 0.0, -0.013931, 0.0, 0.0, -1.0, 0.121149, 0.0, 1.0, 0.0, 0.000704, 0.0, 0.0, 0.0, 1.0],
                [1.0, 0.0, 0.0, -0.012006, 0.0, 0.0, -1.0, 0.134323, 0.0, 1.0, 0.0, 0.000704, 0.0, 0.0, 0.0, 1.0],
                [1.0, 0.0, 0.0, -0.010081, 0.0, 0.0, -1.0, 0.148424, 0.0, 1.0, 0.0, 0.000704, 0.0, 0.0, 0.0, 1.0],
                [1.0, 0.0, 0.0, -0.008312, 0.0, 0.0, -1.0, 0.164219, 0.0, 1.0, 0.0, 0.000704, 0.0, 0.0, 0.0, 1.0],
                [1.0, 0.0, 0.0, -0.006855, 0.0, 0.0, -1.0, 0.182476, 0.0, 1.0, 0.0, 0.000704, 0.0, 0.0, 0.0, 1.0],
                [1.0, 0.0, 0.0, -0.005867, 0.0, 0.0, -1.0, 0.203961, 0.0, 1.0, 0.0, 0.000704, 0.0, 0.0, 0.0, 1.0],
                [1.0, 0.0, 0.0, -0.005502, 0.0, 0.0, -1.0, 0.229442, 0.0, 1.0, 0.0, 0.000704, 0.0, 0.0, 0.0, 1.0],
                [1.0, 0.0, 0.0, -0.005502, 0.0, 0.0, -1.0, 0.259408, 0.0, 1.0, 0.0, 0.000704, 0.0, 0.0, 0.0, 1.0],
                [1.0, 0.0, 0.0, -0.005502, 0.0, 0.0, -1.0, 0.293229, 0.0, 1.0, 0.0, 0.000704, 0.0, 0.0, 0.0, 1.0],
                [1.0, 0.0, 0.0, -0.005502, 0.0, 0.0, -1.0, 0.329998, 0.0, 1.0, 0.0, 0.000704, 0.0, 0.0, 0.0, 1.0],
                [1.0, 0.0, 0.0, -0.005502, 0.0, 0.0, -1.0, 0.368807, 0.0, 1.0, 0.0, 0.000704, 0.0, 0.0, 0.0, 1.0],
                [1.0, 0.0, 0.0, -0.005502, 0.0, 0.0, -1.0, 0.408747, 0.0, 1.0, 0.0, 0.000704, 0.0, 0.0, 0.0, 1.0],
                [1.0, 0.0, 0.0, -0.005503, 0.0, 0.0, -1.0, 0.448911, 0.0, 1.0, 0.0, 0.000704, 0.0, 0.0, 0.0, 1.0],
                [1.0, 0.0, 0.0, -0.005503, 0.0, 0.0, -1.0, 0.488391, 0.0, 1.0, 0.0, 0.000704, 0.0, 0.0, 0.0, 1.0],
                [1.0, 0.0, 0.0, -0.005503, 0.0, 0.0, -1.0, 0.526736, 0.0, 1.0, 0.0, 0.000704, 0.0, 0.0, 0.0, 1.0],
                [1.0, 0.0, 0.0, -0.005503, 0.0, 0.0, -1.0, 0.563921, 0.0, 1.0, 0.0, 0.000704, 0.0, 0.0, 0.0, 1.0],
                [1.0, 0.0, 0.0, -0.005503, 0.0, 0.0, -1.0, 0.599678, 0.0, 1.0, 0.0, 0.000704, 0.0, 0.0, 0.0, 1.0],
                [1.0, 0.0, 0.0, -0.005503, 0.0, 0.0, -1.0, 0.633736, 0.0, 1.0, 0.0, 0.000704, 0.0, 0.0, 0.0, 1.0],
                [1.0, 0.0, 0.0, -0.005503, 0.0, 0.0, -1.0, 0.665828, 0.0, 1.0, 0.0, 0.000704, 0.0, 0.0, 0.0, 1.0],
                [1.0, 0.0, 0.0, -0.005502, 0.0, 0.0, -1.0, 0.695685, 0.0, 1.0, 0.0, 0.000704, 0.0, 0.0, 0.0, 1.0],
                [1.0, 0.0, 0.0, -0.005502, 0.0, 0.0, -1.0, 0.723036, 0.0, 1.0, 0.0, 0.000704, 0.0, 0.0, 0.0, 1.0],
                [1.0, 0.0, 0.0, -0.005502, 0.0, 0.0, -1.0, 0.747613, 0.0, 1.0, 0.0, 0.000704, 0.0, 0.0, 0.0, 1.0],
                [1.0, 0.0, 0.0, -0.005502, 0.0, 0.0, -1.0, 0.769148, 0.0, 1.0, 0.0, 0.000704, 0.0, 0.0, 0.0, 1.0],
                [1.0, 0.0, 0.0, -0.005502, 0.0, 0.0, -1.0, 0.78737, 0.0, 1.0, 0.0, 0.000704, 0.0, 0.0, 0.0, 1.0],
                [1.0, 0.0, 0.0, -0.005502, 0.0, 0.0, -1.0, 0.802011, 0.0, 1.0, 0.0, 0.000704, 0.0, 0.0, 0.0, 1.0],
                [1.0, 0.0, 0.0, -0.005502, 0.0, 0.0, -1.0, 0.812803, 0.0, 1.0, 0.0, 0.000704, 0.0, 0.0, 0.0, 1.0],
                [1.0, 0.0, 0.0, -0.005502, 0.0, 0.0, -1.0, 0.819475, 0.0, 1.0, 0.0, 0.000704, 0.0, 0.0, 0.0, 1.0],
                [1.0, 0.0, 0.0, -0.005502, 0.0, 0.0, -1.0, 0.821759, 0.0, 1.0, 0.0, 0.000704, 0.0, 0.0, 0.0, 1.0]
            ]
        },
        {
            "name": "B_Calf_L_IK",
            "time": [0.0, 0.0167, 0.0333, 0.05, 0.0667, 0.0833, 0.1, 0.1167, 0.1333, 0.15, 0.1667, 0.1833, 0.2, 0.2167, 0.2333, 0.25, 0.2667, 0.2833, 0.3, 0.3167, 0.3333, 0.35, 0.3667, 0.3833, 0.4, 0.4167, 0.4333, 0.45, 0.4667, 0.4833, 0.5, 0.5167, 0.5333, 0.55, 0.5667, 0.5833, 0.6, 0.6167, 0.6333, 0.65, 0.6667, 0.6833, 0.7, 0.7167, 0.7333, 0.75, 0.7667, 0.7833, 0.8, 0.8167, 0.8333, 0.85, 0.8667, 0.8833, 0.9, 0.9167, 0.9333, 0.95, 0.9667, 0.9833, 1.0, 1.0167, 1.0333, 1.05, 1.0667, 1.0833, 1.1, 1.1167, 1.1333, 1.15, 1.1667, 1.1833, 1.2, 1.2167, 1.2333, 1.25, 1.2667, 1.2833, 1.3, 1.3167, 1.3333],
            "transform": [
                [-0.00023, -0.306253, 0.95195, -0.714498, -0.99881, -0.046355, -0.015154, 0.349963, 0.048768, -0.950821, -0.305878, 1.020675, 0.0, 0.0, 0.0, 1.0],
                [-0.00023, -0.306253, 0.95195, -0.714482, -0.99881, -0.046355, -0.015154, 0.349963, 0.048768, -0.950821, -0.305878, 1.020725, 0.0, 0.0, 0.0, 1.0],
                [-0.00023, -0.306253, 0.95195, -0.714372, -0.99881, -0.046355, -0.015154, 0.349963, 0.048768, -0.950821, -0.305878, 1.020529, 0.0, 0.0, 0.0, 1.0],
                [-0.00023, -0.306253, 0.95195, -0.714072, -0.99881, -0.046355, -0.015154, 0.349963, 0.048768, -0.950821, -0.305878, 1.019571, 0.0, 0.0, 0.0, 1.0],
                [-0.00023, -0.306253, 0.95195, -0.713489, -0.99881, -0.046355, -0.015154, 0.349963, 0.048768, -0.950821, -0.305878, 1.017335, 0.0, 0.0, 0.0, 1.0],
                [-0.00023, -0.306253, 0.95195, -0.712527, -0.99881, -0.046355, -0.015154, 0.349963, 0.048768, -0.950821, -0.305878, 1.013304, 0.0, 0.0, 0.0, 1.0],
                [-0.00023, -0.306253, 0.95195, -0.711093, -0.99881, -0.046355, -0.015154, 0.349963, 0.048768, -0.950821, -0.305878, 1.006963, 0.0, 0.0, 0.0, 1.0],
                [-0.00023, -0.306253, 0.95195, -0.709091, -0.99881, -0.046355, -0.015154, 0.349963, 0.048768, -0.950821, -0.305878, 0.997793, 0.0, 0.0, 0.0, 1.0],
                [-0.00023, -0.306253, 0.95195, -0.700796, -0.99881, -0.046355, -0.015154, 0.349963, 0.048768, -0.950821, -0.305878, 0.978355, 0.0, 0.0, 0.0, 1.0],
                [-0.00023, -0.306253, 0.95195, -0.686691, -0.99881, -0.046355, -0.015154, 0.349963, 0.048768, -0.950821, -0.305878, 0.952974, 0.0, 0.0, 0.0, 1.0],
                [-0.00023, -0.306253, 0.95195, -0.675991, -0.99881, -0.046355, -0.015154, 0.349963, 0.048768, -0.950821, -0.305878, 0.938781, 0.0, 0.0, 0.0, 1.0],
                [-0.00023, -0.306253, 0.95195, -0.670714, -0.99881, -0.046355, -0.015154, 0.349963, 0.048768, -0.950821, -0.305878, 0.93665, 0.0, 0.0, 0.0, 1.0],
                [-0.00023, -0.306253, 0.95195, -0.666629, -0.99881, -0.046355, -0.015154, 0.349963, 0.048768, -0.950821, -0.305878, 0.935926, 0.0, 0.0, 0.0, 1.0],
                [-0.00023, -0.306253, 0.95195, -0.663577, -0.99881, -0.046355, -0.015154, 0.349963, 0.048768, -0.950821, -0.305878, 0.936451, 0.0, 0.0, 0.0, 1.0],
                [-0.00023, -0.306253, 0.95195, -0.661404, -0.99881, -0.046355, -0.015154, 0.349963, 0.048768, -0.950821, -0.305878, 0.938066, 0.0, 0.0, 0.0, 1.0],
                [-0.00023, -0.306253, 0.95195, -0.659952, -0.99881, -0.046355, -0.015154, 0.349963, 0.048768, -0.950821, -0.305878, 0.940613, 0.0, 0.0, 0.0, 1.0],
                [-0.00023, -0.306253, 0.95195, -0.659064, -0.99881, -0.046355, -0.015154, 0.349963, 0.048768, -0.950821, -0.305878, 0.943934, 0.0, 0.0, 0.0, 1.0],
                [-0.00023, -0.306253, 0.95195, -0.658583, -0.99881, -0.046355, -0.015154, 0.349963, 0.048768, -0.950821, -0.305878, 0.947871, 0.0, 0.0, 0.0, 1.0],
                [-0.00023, -0.306253, 0.95195, -0.658353, -0.99881, -0.046355, -0.015154, 0.349963, 0.048768, -0.950821, -0.305878, 0.952265, 0.0, 0.0, 0.0, 1.0],
                [-0.00023, -0.306253, 0.95195, -0.658217, -0.99881, -0.046355, -0.015154, 0.349963, 0.048768, -0.950821, -0.305878, 0.956959, 0.0, 0.0, 0.0, 1.0],
                [-0.00023, -0.306253, 0.95195, -0.658049, -0.99881, -0.046355, -0.015154, 0.349963, 0.048768, -0.950821, -0.305878, 0.961727, 0.0, 0.0, 0.0, 1.0],
                [-0.00023, -0.306253, 0.95195, -0.65785, -0.99881, -0.046355, -0.015154, 0.349963, 0.048768, -0.950821, -0.305878, 0.966078, 0.0, 0.0, 0.0, 1.0],
                [-0.00023, -0.306253, 0.95195, -0.657652, -0.99881, -0.046355, -0.015154, 0.349963, 0.048768, -0.950821, -0.305878, 0.969456, 0.0, 0.0, 0.0, 1.0],
                [-0.00023, -0.306253, 0.95195, -0.657533, -0.99881, -0.046355, -0.015154, 0.351589, 0.048768, -0.950821, -0.305878, 0.972347, 0.0, 0.0, 0.0, 1.0],
                [-0.00023, -0.306253, 0.95195, -0.657637, -0.99881, -0.046355, -0.015154, 0.35728, 0.048768, -0.950821, -0.305878, 0.976074, 0.0, 0.0, 0.0, 1.0],
                [-0.00023, -0.306253, 0.95195, -0.657981, -0.99881, -0.046355, -0.015154, 0.393865, 0.048768, -0.950821, -0.305878, 0.98006, 0.0, 0.0, 0.0, 1.0],
                [-0.00023, -0.306253, 0.95195, -0.658617, -0.99881, -0.046355, -0.015154, 0.542025, 0.048768, -0.950821, -0.305878, 0.98194, 0.0, 0.0, 0.0, 1.0],
                [-0.000199, -0.306198, 0.951968, -0.654764, -0.993627, -0.107246, -0.034703, 0.759332, 0.11272, -0.945907, -0.304225, 0.966652, 0.0, 0.0, 0.0, 1.0],
                [1.9e-05, -0.305755, 0.95211, -0.64285, -0.961448, -0.261824, -0.084062, 0.966377, 0.274988, -0.915403, -0.293972, 0.930481, 0.0, 0.0, 0.0, 1.0],
                [0.00061, -0.304498, 0.952513, -0.624609, -0.875037, -0.461232, -0.146886, 1.116261, 0.484055, -0.833394, -0.266729, 0.881276, 0.0, 0.0, 0.0, 1.0],
                [0.001756, -0.302004, 0.953305, -0.601805, -0.729826, -0.652097, -0.205238, 1.210833, 0.68363, -0.695386, -0.221556, 0.828478, 0.0, 0.0, 0.0, 1.0],
                [0.00363, -0.297848, 0.954606, -0.576209, -0.556559, -0.793699, -0.245527, 1.264132, 0.8308, -0.530403, -0.168651, 0.781932, 0.0, 0.0, 0.0, 1.0],
                [0.0064, -0.291604, 0.956518, -0.549595, -0.409929, -0.873236, -0.263472, 1.290195, 0.912095, -0.390418, -0.125126, 0.751477, 0.0, 0.0, 0.0, 1.0],
                [0.010233, -0.282847, 0.95911, -0.523733, -0.347433, -0.900409, -0.261828, 1.303062, 0.937649, -0.330547, -0.107484, 0.746957, 0.0, 0.0, 0.0, 1.0],
                [0.019051, -0.262963, 0.964618, -0.499848, -0.345068, -0.90724, -0.240506, 1.314131, 0.938384, -0.328277, -0.108024, 0.760277, 0.0, 0.0, 0.0, 1.0],
                [0.035096, -0.226639, 0.973346, -0.476962, -0.344322, -0.917057, -0.201117, 1.324252, 0.938195, -0.328086, -0.110222, 0.784305, 0.0, 0.0, 0.0, 1.0],
                [0.056011, -0.178473, 0.982349, -0.45355, -0.343633, -0.92723, -0.148866, 1.331634, 0.937432, -0.329229, -0.113264, 0.830333, 0.0, 0.0, 0.0, 1.0],
                [0.079434, -0.123347, 0.989179, -0.428087, -0.341475, -0.935644, -0.08925, 1.334488, 0.936528, -0.33069, -0.116442, 0.909651, 0.0, 0.0, 0.0, 1.0],
                [0.102883, -0.066911, 0.99244, -0.400169, -0.336928, -0.941098, -0.028521, 1.301343, 0.935892, -0.331447, -0.119368, 1.301211, 0.0, 0.0, 0.0, 1.0],
                [0.123399, -0.016836, 0.992214, -0.373837, -0.331303, -0.943188, 0.025199, 1.265232, 0.93542, -0.331833, -0.121967, 1.921792, 0.0, 0.0, 0.0, 1.0],
                [0.137931, 0.018882, 0.990262, -0.35425, -0.326513, -0.94306, 0.063461, 1.245357, 0.935074, -0.332086, -0.123912, 2.496563, 0.0, 0.0, 0.0, 1.0],
                [0.143449, 0.032494, 0.989124, -0.346574, -0.324491, -0.942665, 0.078027, 1.239275, 0.934948, -0.332155, -0.12468, 2.824165, 0.0, 0.0, 0.0, 1.0],
                [0.099041, -0.074616, 0.992282, -0.369925, -0.334522, -0.941645, -0.037419, 1.268318, 0.937169, -0.328234, -0.118222, 2.875492, 0.0, 0.0, 0.0, 1.0],
                [0.054435, -0.181661, 0.981853, -0.412985, -0.34393, -0.926552, -0.152362, 1.289342, 0.937416, -0.329395, -0.112915, 2.872642, 0.0, 0.0, 0.0, 1.0],
                [0.079382, -0.125674, 0.98889, -0.442816, -0.342614, -0.935027, -0.091326, 1.273371, 0.936116, -0.331558, -0.117282, 2.780512, 0.0, 0.0, 0.0, 1.0],
                [0.125641, -0.021233, 0.991848, -0.456761, -0.339609, -0.940288, 0.022891, 1.227686, 0.932137, -0.339716, -0.125349, 2.592178, 0.0, 0.0, 0.0, 1.0],
                [0.150653, 0.034729, 0.987976, -0.459737, -0.337681, -0.937465, 0.084445, 1.155657, 0.929126, -0.346343, -0.129505, 2.375265, 0.0, 0.0, 0.0, 1.0],
                [0.150938, 0.029452, 0.988104, -0.456927, -0.343651, -0.935651, 0.080383, 1.061855, 0.926888, -0.351696, -0.131104, 2.193552, 0.0, 0.0, 0.0, 1.0],
                [0.15108, 0.0121, 0.988447, -0.451932, -0.365229, -0.92849, 0.067189, 0.955668, 0.918576, -0.37116, -0.135857, 2.039175, 0.0, 0.0, 0.0, 1.0],
                [0.151125, -0.019615, 0.98832, -0.447294, -0.40744, -0.912162, 0.044199, 0.847685, 0.900641, -0.409361, -0.145842, 1.885413, 0.0, 0.0, 0.0, 1.0],
                [0.151117, -0.067922, 0.98618, -0.445659, -0.474193, -0.880338, 0.012031, 0.748495, 0.867355, -0.469458, -0.165242, 1.706106, 0.0, 0.0, 0.0, 1.0],
                [0.119815, -0.132531, 0.98391, -0.47271, -0.567291, -0.822461, -0.041703, 0.666239, 0.814755, -0.553167, -0.173727, 1.48589, 0.0, 0.0, 0.0, 1.0],
                [0.050595, -0.201204, 0.978242, -0.534596, -0.674225, -0.72949, -0.11517, 0.599233, 0.736791, -0.653728, -0.172566, 1.244315, 0.0, 0.0, 0.0, 1.0],
                [-0.018868, -0.257351, 0.966134, -0.604591, -0.776148, -0.60537, -0.176411, 0.54333, 0.630268, -0.753191, -0.18832, 1.009515, 0.0, 0.0, 0.0, 1.0],
                [-0.050441, -0.286553, 0.956735, -0.655968, -0.861837, -0.471578, -0.186681, 0.494384, 0.50467, -0.833967, -0.223175, 0.803109, 0.0, 0.0, 0.0, 1.0],
                [-0.045235, -0.296086, 0.95409, -0.683276, -0.92662, -0.344426, -0.150819, 0.44938, 0.373268, -0.8909, -0.258779, 0.640311, 0.0, 0.0, 0.0, 1.0],
                [-0.032788, -0.301947, 0.952761, -0.700444, -0.968003, -0.227696, -0.105474, 0.409816, 0.248787, -0.925733, -0.28482, 0.523575, 0.0, 0.0, 0.0, 1.0],
                [-0.01792, -0.304985, 0.952188, -0.709811, -0.989275, -0.132666, -0.061111, 0.378311, 0.14496, -0.943071, -0.299337, 0.450762, 0.0, 0.0, 0.0, 1.0],
                [-0.005457, -0.306099, 0.951984, -0.713716, -0.997203, -0.069298, -0.027999, 0.357487, 0.074541, -0.949474, -0.304865, 0.419736, 0.0, 0.0, 0.0, 1.0],
                [-0.00023, -0.306253, 0.95195, -0.714498, -0.99881, -0.046355, -0.015154, 0.349963, 0.048768, -0.950821, -0.305878, 0.428359, 0.0, 0.0, 0.0, 1.0],
                [-0.00023, -0.306253, 0.95195, -0.714498, -0.99881, -0.046355, -0.015154, 0.349963, 0.048768, -0.950821, -0.305878, 0.458325, 0.0, 0.0, 0.0, 1.0],
                [-0.00023, -0.306253, 0.95195, -0.714498, -0.99881, -0.046355, -0.015154, 0.349963, 0.048768, -0.950821, -0.305878, 0.492146, 0.0, 0.0, 0.0, 1.0],
                [-0.00023, -0.306253, 0.95195, -0.714498, -0.99881, -0.046355, -0.015154, 0.349963, 0.048768, -0.950821, -0.305878, 0.528915, 0.0, 0.0, 0.0, 1.0],
                [-0.00023, -0.306253, 0.95195, -0.714498, -0.99881, -0.046355, -0.015154, 0.349963, 0.048768, -0.950821, -0.305878, 0.567724, 0.0, 0.0, 0.0, 1.0],
                [-0.00023, -0.306253, 0.95195, -0.714498, -0.99881, -0.046355, -0.015154, 0.349963, 0.048768, -0.950821, -0.305878, 0.607664, 0.0, 0.0, 0.0, 1.0],
                [-0.00023, -0.306253, 0.95195, -0.714497, -0.99881, -0.046355, -0.015154, 0.349963, 0.048768, -0.950821, -0.305878, 0.647828, 0.0, 0.0, 0.0, 1.0],
                [-0.00023, -0.306253, 0.95195, -0.714497, -0.99881, -0.046355, -0.015154, 0.349963, 0.048768, -0.950821, -0.305878, 0.687308, 0.0, 0.0, 0.0, 1.0],
                [-0.00023, -0.306253, 0.95195, -0.714497, -0.99881, -0.046355, -0.015154, 0.349963, 0.048768, -0.950821, -0.305878, 0.725653, 0.0, 0.0, 0.0, 1.0],
                [-0.00023, -0.306253, 0.95195, -0.714497, -0.99881, -0.046355, -0.015154, 0.349963, 0.048768, -0.950821, -0.305878, 0.762838, 0.0, 0.0, 0.0, 1.0],
                [-0.00023, -0.306253, 0.95195, -0.714497, -0.99881, -0.046355, -0.015154, 0.349963, 0.048768, -0.950821, -0.305878, 0.798595, 0.0, 0.0, 0.0, 1.0],
                [-0.00023, -0.306253, 0.95195, -0.714497, -0.99881, -0.046355, -0.015154, 0.349963, 0.048768, -0.950821, -0.305878, 0.832653, 0.0, 0.0, 0.0, 1.0],
                [-0.00023, -0.306253, 0.95195, -0.714497, -0.99881, -0.046355, -0.015154, 0.349963, 0.048768, -0.950821, -0.305878, 0.864745, 0.0, 0.0, 0.0, 1.0],
                [-0.00023, -0.306253, 0.95195, -0.714498, -0.99881, -0.046355, -0.015154, 0.349963, 0.048768, -0.950821, -0.305878, 0.894602, 0.0, 0.0, 0.0, 1.0],
                [-0.00023, -0.306253, 0.95195, -0.714498, -0.99881, -0.046355, -0.015154, 0.349963, 0.048768, -0.950821, -0.305878, 0.921953, 0.0, 0.0, 0.0, 1.0],
                [-0.00023, -0.306253, 0.95195, -0.714498, -0.99881, -0.046355, -0.015154, 0.349963, 0.048768, -0.950821, -0.305878, 0.94653, 0.0, 0.0, 0.0, 1.0],
                [-0.00023, -0.306253, 0.95195, -0.714498, -0.99881, -0.046355, -0.015154, 0.349963, 0.048768, -0.950821, -0.305878, 0.968065, 0.0, 0.0, 0.0, 1.0],
                [-0.00023, -0.306253, 0.95195, -0.714498, -0.99881, -0.046355, -0.015154, 0.349963, 0.048768, -0.950821, -0.305878, 0.986287, 0.0, 0.0, 0.0, 1.0],
                [-0.00023, -0.306253, 0.95195, -0.714498, -0.99881, -0.046355, -0.015154, 0.349963, 0.048768, -0.950821, -0.305878, 1.000928, 0.0, 0.0, 0.0, 1.0],
                [-0.00023, -0.306253, 0.95195, -0.714498, -0.99881, -0.046355, -0.015154, 0.349963, 0.048768, -0.950821, -0.305878, 1.011719, 0.0, 0.0, 0.0, 1.0],
                [-0.00023, -0.306253, 0.95195, -0.714498, -0.99881, -0.046355, -0.015154, 0.349963, 0.048768, -0.950821, -0.305878, 1.018392, 0.0, 0.0, 0.0, 1.0],
                [-0.00023, -0.306253, 0.95195, -0.714498, -0.99881, -0.046355, -0.015154, 0.349963, 0.048768, -0.950821, -0.305878, 1.020675, 0.0, 0.0, 0.0, 1.0]
            ]
        },
        {
            "name": "B_Calf_R_IK",
            "time": [0.0, 0.0167, 0.0333, 0.05, 0.0667, 0.0833, 0.1, 0.1167, 0.1333, 0.15, 0.1667, 0.1833, 0.2, 0.2167, 0.2333, 0.25, 0.2667, 0.2833, 0.3, 0.3167, 0.3333, 0.35, 0.3667, 0.3833, 0.4, 0.4167, 0.4333, 0.45, 0.4667, 0.4833, 0.5, 0.5167, 0.5333, 0.55, 0.5667, 0.5833, 0.6, 0.6167, 0.6333, 0.65, 0.6667, 0.6833, 0.7, 0.7167, 0.7333, 0.75, 0.7667, 0.7833, 0.8, 0.8167, 0.8333, 0.85, 0.8667, 0.8833, 0.9, 0.9167, 0.9333, 0.95, 0.9667, 0.9833, 1.0, 1.0167, 1.0333, 1.05, 1.0667, 1.0833, 1.1, 1.1167, 1.1333, 1.15, 1.1667, 1.1833, 1.2, 1.2167, 1.2333, 1.25, 1.2667, 1.2833, 1.3, 1.3167, 1.3333],
            "transform": [
                [-0.000231, 0.144246, -0.989542, 0.48435, 0.998811, -0.048213, -0.007261, 0.326625, -0.048756, -0.988366, -0.144064, 1.353367, 0.0, 0.0, 0.0, 1.0],
                [-0.000231, 0.144246, -0.989542, 0.484365, 0.998811, -0.048213, -0.007261, 0.326625, -0.048756, -0.988366, -0.144064, 1.353416, 0.0, 0.0, 0.0, 1.0],
                [-0.000231, 0.144246, -0.989542, 0.484476, 0.998811, -0.048213, -0.007261, 0.326625, -0.048756, -0.988366, -0.144064, 1.35322, 0.0, 0.0, 0.0, 1.0],
                [-0.000231, 0.144246, -0.989542, 0.484775, 0.998811, -0.048213, -0.007261, 0.326625, -0.048756, -0.988366, -0.144064, 1.352263, 0.0, 0.0, 0.0, 1.0],
                [-0.000231, 0.144246, -0.989542, 0.485358, 0.998811, -0.048213, -0.007261, 0.326625, -0.048756, -0.988366, -0.144064, 1.350027, 0.0, 0.0, 0.0, 1.0],
                [-0.000231, 0.144246, -0.989542, 0.48632, 0.998811, -0.048213, -0.007261, 0.326625, -0.048756, -0.988366, -0.144064, 1.345996, 0.0, 0.0, 0.0, 1.0],
                [-0.000231, 0.144246, -0.989542, 0.487755, 0.998811, -0.048213, -0.007261, 0.326625, -0.048756, -0.988366, -0.144064, 1.339654, 0.0, 0.0, 0.0, 1.0],
                [-0.000231, 0.144246, -0.989542, 0.489757, 0.998811, -0.048213, -0.007261, 0.326625, -0.048756, -0.988366, -0.144064, 1.330485, 0.0, 0.0, 0.0, 1.0],
                [-0.000231, 0.144246, -0.989542, 0.498051, 0.998811, -0.048213, -0.007261, 0.326625, -0.048756, -0.988366, -0.144064, 1.311047, 0.0, 0.0, 0.0, 1.0],
                [-0.000231, 0.144246, -0.989542, 0.512156, 0.998811, -0.048213, -0.007261, 0.326625, -0.048756, -0.988366, -0.144064, 1.285666, 0.0, 0.0, 0.0, 1.0],
                [-0.000231, 0.144246, -0.989542, 0.522856, 0.998811, -0.048213, -0.007261, 0.326625, -0.048756, -0.988366, -0.144064, 1.271473, 0.0, 0.0, 0.0, 1.0],
                [-0.000231, 0.144246, -0.989542, 0.528133, 0.998811, -0.048213, -0.007261, 0.326625, -0.048756, -0.988366, -0.144064, 1.269342, 0.0, 0.0, 0.0, 1.0],
                [-0.000231, 0.144246, -0.989542, 0.532219, 0.998811, -0.048213, -0.007261, 0.326625, -0.048756, -0.988366, -0.144064, 1.268618, 0.0, 0.0, 0.0, 1.0],
                [-0.000231, 0.144246, -0.989542, 0.53527, 0.998811, -0.048213, -0.007261, 0.326625, -0.048756, -0.988366, -0.144064, 1.269142, 0.0, 0.0, 0.0, 1.0],
                [-0.000231, 0.144246, -0.989542, 0.537443, 0.998811, -0.048213, -0.007261, 0.326625, -0.048756, -0.988366, -0.144064, 1.270757, 0.0, 0.0, 0.0, 1.0],
                [-0.000231, 0.144246, -0.989542, 0.538895, 0.998811, -0.048213, -0.007261, 0.326625, -0.048756, -0.988366, -0.144064, 1.273305, 0.0, 0.0, 0.0, 1.0],
                [-0.000231, 0.144246, -0.989542, 0.539784, 0.998811, -0.048213, -0.007261, 0.326625, -0.048756, -0.988366, -0.144064, 1.276626, 0.0, 0.0, 0.0, 1.0],
                [-0.000231, 0.144246, -0.989542, 0.540264, 0.998811, -0.048213, -0.007261, 0.326625, -0.048756, -0.988366, -0.144064, 1.280563, 0.0, 0.0, 0.0, 1.0],
                [-0.000231, 0.144246, -0.989542, 0.540494, 0.998811, -0.048213, -0.007261, 0.326625, -0.048756, -0.988366, -0.144064, 1.284957, 0.0, 0.0, 0.0, 1.0],
                [-0.000231, 0.144246, -0.989542, 0.540631, 0.998811, -0.048213, -0.007261, 0.326625, -0.048756, -0.988366, -0.144064, 1.28965, 0.0, 0.0, 0.0, 1.0],
                [-0.000231, 0.144246, -0.989542, 0.540798, 0.998811, -0.048213, -0.007261, 0.326625, -0.048756, -0.988366, -0.144064, 1.294418, 0.0, 0.0, 0.0, 1.0],
                [-0.000231, 0.144246, -0.989542, 0.540997, 0.998811, -0.048213, -0.007261, 0.326625, -0.048756, -0.988366, -0.144064, 1.29877, 0.0, 0.0, 0.0, 1.0],
                [-0.000231, 0.144246, -0.989542, 0.541195, 0.998811, -0.048213, -0.007261, 0.326625, -0.048756, -0.988366, -0.144064, 1.302148, 0.0, 0.0, 0.0, 1.0],
                [-0.000231, 0.144246, -0.989542, 0.541314, 0.998811, -0.048213, -0.007261, 0.328852, -0.048756, -0.988366, -0.144064, 1.305231, 0.0, 0.0, 0.0, 1.0],
                [-0.000231, 0.144246, -0.989542, 0.54121, 0.998811, -0.048213, -0.007261, 0.33665, -0.048756, -0.988366, -0.144064, 1.309316, 0.0, 0.0, 0.0, 1.0],
                [-0.000231, 0.144246, -0.989542, 0.540866, 0.998811, -0.048213, -0.007261, 0.386775, -0.048756, -0.988366, -0.144064, 1.313494, 0.0, 0.0, 0.0, 1.0],
                [-0.000231, 0.144246, -0.989542, 0.540238, 0.998811, -0.048213, -0.007261, 0.517146, -0.048756, -0.988366, -0.144064, 1.317221, 0.0, 0.0, 0.0, 1.0],
                [-0.000231, 0.144246, -0.989542, 0.539268, 0.998811, -0.048213, -0.007261, 0.696254, -0.048756, -0.988366, -0.144064, 1.318904, 0.0, 0.0, 0.0, 1.0],
                [-0.000231, 0.144246, -0.989542, 0.537883, 0.998811, -0.048213, -0.007261, 0.86674, -0.048756, -0.988366, -0.144064, 1.315699, 0.0, 0.0, 0.0, 1.0],
                [-0.002497, 0.14938, -0.988777, 0.531848, 0.993742, -0.110053, -0.019135, 0.984127, -0.111676, -0.982636, -0.14817, 1.302109, 0.0, 0.0, 0.0, 1.0],
                [-0.008336, 0.162597, -0.986657, 0.518706, 0.962386, -0.26665, -0.052074, 1.055457, -0.271559, -0.949979, -0.154258, 1.273766, 0.0, 0.0, 0.0, 1.0],
                [-0.01631, 0.180607, -0.98342, 0.50105, 0.878098, -0.467811, -0.100478, 1.100655, -0.478202, -0.865178, -0.15096, 1.229521, 0.0, 0.0, 0.0, 1.0],
                [-0.024986, 0.200136, -0.979449, 0.481472, 0.735913, -0.659441, -0.153521, 1.139645, -0.676615, -0.724626, -0.130806, 1.168224, 0.0, 0.0, 0.0, 1.0],
                [-0.032938, 0.217962, -0.975401, 0.462566, 0.565095, -0.800901, -0.198051, 1.192348, -0.824368, -0.557718, -0.096789, 1.088725, 0.0, 0.0, 0.0, 1.0],
                [-0.038747, 0.230934, -0.972198, 0.446988, 0.418604, -0.879691, -0.225643, 1.269442, -0.907342, -0.415709, -0.062584, 0.999791, 0.0, 0.0, 0.0, 1.0],
                [-0.040997, 0.235948, -0.970901, 0.437656, 0.352717, -0.905739, -0.235006, 1.344608, -0.934831, -0.352088, -0.04609, 0.953367, 0.0, 0.0, 0.0, 1.0],
                [-0.015541, 0.178606, -0.983798, 0.434948, 0.34596, -0.922183, -0.172885, 1.390064, -0.93812, -0.343041, -0.047459, 0.954782, 0.0, 0.0, 0.0, 1.0],
                [0.040471, 0.050153, -0.997921, 0.435473, 0.342122, -0.939065, -0.03332, 1.409166, -0.938784, -0.340062, -0.055164, 0.965082, 0.0, 0.0, 0.0, 1.0],
                [0.096357, -0.078709, -0.99223, 0.436553, 0.339495, -0.934491, 0.107098, 1.413058, -0.935659, -0.347176, -0.063323, 0.980258, 0.0, 0.0, 0.0, 1.0],
                [0.121669, -0.136507, -0.983139, 0.435516, 0.338364, -0.925463, 0.170374, 1.412083, -0.933116, -0.353388, -0.066411, 1.230932, 0.0, 0.0, 0.0, 1.0],
                [0.074554, -0.028468, -0.99681, 0.418301, 0.341368, -0.938471, 0.052334, 1.412709, -0.936968, -0.344181, -0.060248, 1.90127, 0.0, 0.0, 0.0, 1.0],
                [-0.01331, 0.173746, -0.984701, 0.389831, 0.345997, -0.923151, -0.167562, 1.417107, -0.938141, -0.342934, -0.047828, 2.630651, 0.0, 0.0, 0.0, 1.0],
                [-0.060622, 0.279743, -0.958159, 0.375173, 0.350523, -0.892823, -0.282845, 1.429059, -0.93459, -0.353004, -0.043931, 2.977071, 0.0, 0.0, 0.0, 1.0],
                [-0.044901, 0.245026, -0.968476, 0.384416, 0.356306, -0.901767, -0.244668, 1.448616, -0.93329, -0.35606, -0.046814, 2.983352, 0.0, 0.0, 0.0, 1.0],
                [-0.006248, 0.159884, -0.987116, 0.393898, 0.36055, -0.920378, -0.151357, 1.459677, -0.932719, -0.35685, -0.051895, 2.986194, 0.0, 0.0, 0.0, 1.0],
                [0.041809, 0.0551, -0.997605, 0.393323, 0.361385, -0.931709, -0.036315, 1.450619, -0.931479, -0.359001, -0.058867, 2.918933, 0.0, 0.0, 0.0, 1.0],
                [0.082967, -0.03366, -0.995984, 0.391462, 0.360549, -0.930711, 0.061488, 1.413722, -0.929043, -0.364203, -0.065082, 2.75249, 0.0, 0.0, 0.0, 1.0],
                [0.100397, -0.070809, -0.992425, 0.390785, 0.361101, -0.926859, 0.102661, 1.334407, -0.927107, -0.368672, -0.067484, 2.542691, 0.0, 0.0, 0.0, 1.0],
                [0.094894, -0.051294, -0.994165, 0.397921, 0.371436, -0.924726, 0.083165, 1.206801, -0.923596, -0.377161, -0.068699, 2.331234, 0.0, 0.0, 0.0, 1.0],
                [0.08135, -0.006015, -0.996667, 0.41486, 0.411321, -0.910653, 0.039068, 1.05987, -0.907853, -0.413128, -0.071607, 2.103306, 0.0, 0.0, 0.0, 1.0],
                [0.064211, 0.044916, -0.996925, 0.436992, 0.49876, -0.866713, -0.006925, 0.931291, -0.864358, -0.496781, -0.078054, 1.83052, 0.0, 0.0, 0.0, 1.0],
                [0.047314, 0.084901, -0.995265, 0.459768, 0.635602, -0.771197, -0.035571, 0.84558, -0.770565, -0.63091, -0.090452, 1.502447, 0.0, 0.0, 0.0, 1.0],
                [0.031978, 0.112426, -0.993145, 0.478336, 0.783246, -0.620082, -0.044976, 0.77463, -0.620889, -0.776439, -0.107886, 1.172184, 0.0, 0.0, 0.0, 1.0],
                [0.018883, 0.129803, -0.99136, 0.48772, 0.901008, -0.432009, -0.039403, 0.677179, -0.433391, -0.892479, -0.125111, 0.908569, 0.0, 0.0, 0.0, 1.0],
                [0.008706, 0.139358, -0.990204, 0.489331, 0.96923, -0.244789, -0.025929, 0.530981, -0.246005, -0.959509, -0.137201, 0.757506, 0.0, 0.0, 0.0, 1.0],
                [0.002114, 0.143406, -0.989662, 0.488729, 0.994566, -0.103311, -0.012846, 0.389852, -0.104085, -0.984257, -0.142845, 0.697396, 0.0, 0.0, 0.0, 1.0],
                [-0.000231, 0.144246, -0.989542, 0.487159, 0.998811, -0.048213, -0.007261, 0.326625, -0.048756, -0.988366, -0.144064, 0.695828, 0.0, 0.0, 0.0, 1.0],
                [-0.000231, 0.144246, -0.989542, 0.485702, 0.998811, -0.048213, -0.007261, 0.326625, -0.048756, -0.988366, -0.144064, 0.714084, 0.0, 0.0, 0.0, 1.0],
                [-0.000231, 0.144246, -0.989542, 0.484714, 0.998811, -0.048213, -0.007261, 0.326625, -0.048756, -0.988366, -0.144064, 0.735569, 0.0, 0.0, 0.0, 1.0],
                [-0.000231, 0.144246, -0.989542, 0.48435, 0.998811, -0.048213, -0.007261, 0.326625, -0.048756, -0.988366, -0.144064, 0.761051, 0.0, 0.0, 0.0, 1.0],
                [-0.000231, 0.144246, -0.989542, 0.48435, 0.998811, -0.048213, -0.007261, 0.326625, -0.048756, -0.988366, -0.144064, 0.791016, 0.0, 0.0, 0.0, 1.0],
                [-0.000231, 0.144246, -0.989542, 0.48435, 0.998811, -0.048213, -0.007261, 0.326625, -0.048756, -0.988366, -0.144064, 0.824838, 0.0, 0.0, 0.0, 1.0],
                [-0.000231, 0.144246, -0.989542, 0.48435, 0.998811, -0.048213, -0.007261, 0.326625, -0.048756, -0.988366, -0.144064, 0.861607, 0.0, 0.0, 0.0, 1.0],
                [-0.000231, 0.144246, -0.989542, 0.48435, 0.998811, -0.048213, -0.007261, 0.326625, -0.048756, -0.988366, -0.144064, 0.900415, 0.0, 0.0, 0.0, 1.0],
                [-0.000231, 0.144246, -0.989542, 0.48435, 0.998811, -0.048213, -0.007261, 0.326625, -0.048756, -0.988366, -0.144064, 0.940356, 0.0, 0.0, 0.0, 1.0],
                [-0.000231, 0.144246, -0.989542, 0.48435, 0.998811, -0.048213, -0.007261, 0.326625, -0.048756, -0.988366, -0.144064, 0.98052, 0.0, 0.0, 0.0, 1.0],
                [-0.000231, 0.144246, -0.989542, 0.48435, 0.998811, -0.048213, -0.007261, 0.326625, -0.048756, -0.988366, -0.144064, 1.02, 0.0, 0.0, 0.0, 1.0],
                [-0.000231, 0.144246, -0.989542, 0.48435, 0.998811, -0.048213, -0.007261, 0.326625, -0.048756, -0.988366, -0.144064, 1.058344, 0.0, 0.0, 0.0, 1.0],
                [-0.000231, 0.144246, -0.989542, 0.48435, 0.998811, -0.048213, -0.007261, 0.326625, -0.048756, -0.988366, -0.144064, 1.09553, 0.0, 0.0, 0.0, 1.0],
                [-0.000231, 0.144246, -0.989542, 0.48435, 0.998811, -0.048213, -0.007261, 0.326625, -0.048756, -0.988366, -0.144064, 1.131286, 0.0, 0.0, 0.0, 1.0],
                [-0.000231, 0.144246, -0.989542, 0.48435, 0.998811, -0.048213, -0.007261, 0.326625, -0.048756, -0.988366, -0.144064, 1.165345, 0.0, 0.0, 0.0, 1.0],
                [-0.000231, 0.144246, -0.989542, 0.48435, 0.998811, -0.048213, -0.007261, 0.326625, -0.048756, -0.988366, -0.144064, 1.197437, 0.0, 0.0, 0.0, 1.0],
                [-0.000231, 0.144246, -0.989542, 0.48435, 0.998811, -0.048213, -0.007261, 0.326625, -0.048756, -0.988366, -0.144064, 1.227293, 0.0, 0.0, 0.0, 1.0],
                [-0.000231, 0.144246, -0.989542, 0.48435, 0.998811, -0.048213, -0.007261, 0.326625, -0.048756, -0.988366, -0.144064, 1.254644, 0.0, 0.0, 0.0, 1.0],
                [-0.000231, 0.144246, -0.989542, 0.48435, 0.998811, -0.048213, -0.007261, 0.326625, -0.048756, -0.988366, -0.144064, 1.279222, 0.0, 0.0, 0.0, 1.0],
                [-0.000231, 0.144246, -0.989542, 0.48435, 0.998811, -0.048213, -0.007261, 0.326625, -0.048756, -0.988366, -0.144064, 1.300756, 0.0, 0.0, 0.0, 1.0],
                [-0.000231, 0.144246, -0.989542, 0.48435, 0.998811, -0.048213, -0.007261, 0.326625, -0.048756, -0.988366, -0.144064, 1.318979, 0.0, 0.0, 0.0, 1.0],
                [-0.000231, 0.144246, -0.989542, 0.48435, 0.998811, -0.048213, -0.007261, 0.326625, -0.048756, -0.988366, -0.144064, 1.33362, 0.0, 0.0, 0.0, 1.0],
                [-0.000231, 0.144246, -0.989542, 0.48435, 0.998811, -0.048213, -0.007261, 0.326625, -0.048756, -0.988366, -0.144064, 1.344411, 0.0, 0.0, 0.0, 1.0],
                [-0.000231, 0.144246, -0.989542, 0.48435, 0.998811, -0.048213, -0.007261, 0.326625, -0.048756, -0.988366, -0.144064, 1.351083, 0.0, 0.0, 0.0, 1.0],
                [-0.000231, 0.144246, -0.989542, 0.48435, 0.998811, -0.048213, -0.007261, 0.326625, -0.048756, -0.988366, -0.144064, 1.353367, 0.0, 0.0, 0.0, 1.0]
            ]
        },
        {
            "name": "F_Foot_L_IK",
            "time": [0.0, 0.0167, 0.0333, 0.05, 0.0667, 0.0833, 0.1, 0.1167, 0.1333, 0.15, 0.1667, 0.1833, 0.2, 0.2167, 0.2333, 0.25, 0.2667, 0.2833, 0.3, 0.3167, 0.3333, 0.35, 0.3667, 0.3833, 0.4, 0.4167, 0.4333, 0.45, 0.4667, 0.4833, 0.5, 0.5167, 0.5333, 0.55, 0.5667, 0.5833, 0.6, 0.6167, 0.6333, 0.65, 0.6667, 0.6833, 0.7, 0.7167, 0.7333, 0.75, 0.7667, 0.7833, 0.8, 0.8167, 0.8333, 0.85, 0.8667, 0.8833, 0.9, 0.9167, 0.9333, 0.95, 0.9667, 0.9833, 1.0, 1.0167, 1.0333, 1.05, 1.0667, 1.0833, 1.1, 1.1167, 1.1333, 1.15, 1.1667, 1.1833, 1.2, 1.2167, 1.2333, 1.25, 1.2667, 1.2833, 1.3, 1.3167, 1.3333],
            "transform": [
                [-0.060738, -0.024051, -0.997864, -0.554498, 0.422433, -0.906386, -0.003867, 0.359962, -0.904357, -0.421766, 0.065212, -1.023073, 0.0, 0.0, 0.0, 1.0],
                [-0.060738, -0.024051, -0.997864, -0.554482, 0.422433, -0.906386, -0.003867, 0.359962, -0.904357, -0.421766, 0.065212, -1.023024, 0.0, 0.0, 0.0, 1.0],
                [-0.060738, -0.024051, -0.997864, -0.554372, 0.422433, -0.906386, -0.003867, 0.359962, -0.904357, -0.421766, 0.065212, -1.02322, 0.0, 0.0, 0.0, 1.0],
                [-0.060738, -0.024051, -0.997864, -0.554072, 0.422433, -0.906386, -0.003867, 0.359961, -0.904357, -0.421766, 0.065212, -1.024177, 0.0, 0.0, 0.0, 1.0],
                [-0.060738, -0.024051, -0.997864, -0.553489, 0.422433, -0.906386, -0.003867, 0.359962, -0.904357, -0.421766, 0.065212, -1.026413, 0.0, 0.0, 0.0, 1.0],
                [-0.060738, -0.024051, -0.997864, -0.552527, 0.422433, -0.906386, -0.003867, 0.359962, -0.904357, -0.421766, 0.065212, -1.030444, 0.0, 0.0, 0.0, 1.0],
                [-0.060738, -0.024051, -0.997864, -0.551093, 0.422433, -0.906386, -0.003867, 0.359962, -0.904357, -0.421766, 0.065212, -1.036786, 0.0, 0.0, 0.0, 1.0],
                [-0.060738, -0.024051, -0.997864, -0.549091, 0.422433, -0.906386, -0.003867, 0.359962, -0.904357, -0.421766, 0.065212, -1.045956, 0.0, 0.0, 0.0, 1.0],
