{
    "animation": [
        {
            "name": "Root",
            "time": [0.0, 0.0167, 0.0333, 0.05, 0.0667, 0.0833, 0.1, 0.1167, 0.1333, 0.15, 0.1667, 0.1833, 0.2, 0.2167, 0.2333, 0.25, 0.2667, 0.2833, 0.3, 0.3167, 0.3333, 0.35, 0.3667, 0.3833, 0.4, 0.4167, 0.4333, 0.45, 0.4667, 0.4833, 0.5, 0.5167, 0.5333, 0.55, 0.5667, 0.5833, 0.6, 0.6167, 0.6333, 0.65, 0.6667, 0.6833, 0.7, 0.7167, 0.7333, 0.75, 0.7667, 0.7833, 0.8, 0.8167, 0.8333, 0.85, 0.8667, 0.8833, 0.9, 0.9167, 0.9333, 0.95, 0.9667, 0.9833, 1.0, 1.0167, 1.0333, 1.05, 1.0667, 1.0833, 1.1, 1.1167, 1.1333, 1.15, 1.1667, 1.1833, 1.2, 1.2167, 1.2333, 1.25, 1.2667, 1.2833, 1.3, 1.3167, 1.3333, 1.35, 1.3667, 1.3833, 1.4, 1.4167, 1.4333, 1.45, 1.4667, 1.4833, 1.5, 1.5167, 1.5333, 1.55, 1.5667, 1.5833, 1.6, 1.6167, 1.6333, 1.65, 1.6667, 1.6833, 1.7, 1.7167, 1.7333, 1.75, 1.7667, 1.7833, 1.8, 1.8167, 1.8333, 1.85, 1.8667, 1.8833, 1.9, 1.9167, 1.9333, 1.95, 1.9667, 1.9833, 2.0, 2.0167, 2.0333, 2.05, 2.0667, 2.0833, 2.1, 2.1167, 2.1333, 2.15, 2.1667, 2.1833, 2.2, 2.2167, 2.2333, 2.25, 2.2667, 2.2833, 2.3, 2.3167, 2.3333, 2.35, 2.3667, 2.3833, 2.4, 2.4167, 2.4333, 2.45, 2.4667, 2.4833, 2.5, 2.5167, 2.5333, 2.55, 2.5667, 2.5833, 2.6, 2.6167, 2.6333, 2.65, 2.6667, 2.6833, 2.7, 2.7167, 2.7333, 2.75, 2.7667, 2.7833, 2.8, 2.8167, 2.8333, 2.85, 2.8667, 2.8833, 2.9, 2.9167, 2.9333, 2.95, 2.9667, 2.9833],
            "transform": [
                [1.0, 0.0, 0.0, -0.005502, 0.0, 0.0, -1.0, 0.001758, 0.0, 1.0, 0.0, 0.000704, 0.0, 0.0, 0.0, 1.0],
                [1.0, 0.0, 0.0, -0.005464, 0.0, 0.0, -1.0, 0.018976, 0.0, 1.0, 0.0, 0.000704, 0.0, 0.0, 0.0, 1.0],
                [1.0, 0.0, 0.0, -0.005354, 0.0, 0.0, -1.0, 0.068927, 0.0, 1.0, 0.0, 0.000704, 0.0, 0.0, 0.0, 1.0],
                [1.0, 0.0, 0.0, -0.005181, 0.0, 0.0, -1.0, 0.149059, 0.0, 1.0, 0.0, 0.000704, 0.0, 0.0, 0.0, 1.0],
                [1.0, 0.0, 0.0, -0.004955, 0.0, 0.0, -1.0, 0.256819, 0.0, 1.0, 0.0, 0.000704, 0.0, 0.0, 0.0, 1.0],
                [1.0, 0.0, 0.0, -0.004685, 0.0, 0.0, -1.0, 0.389654, 0.0, 1.0, 0.0, 0.000704, 0.0, 0.0, 0.0, 1.0],
                [1.0, 0.0, 0.0, -0.004378, 0.0, 0.0, -1.0, 0.545013, 0.0, 1.0, 0.0, 0.000704, 0.0, 0.0, 0.0, 1.0],
                [1.0, 0.0, 0.0, -0.004045, 0.0, 0.0, -1.0, 0.720343, 0.0, 1.0, 0.0, 0.000704, 0.0, 0.0, 0.0, 1.0],
                [1.0, 0.0, 0.0, -0.003695, 0.0, 0.0, -1.0, 0.913091, 0.0, 1.0, 0.0, 0.000704, 0.0, 0.0, 0.0, 1.0],
                [1.0, 0.0, 0.0, -0.003335, 0.0, 0.0, -1.0, 1.120704, 0.0, 1.0, 0.0, 0.000704, 0.0, 0.0, 0.0, 1.0],
                [1.0, 0.0, 0.0, -0.002975, 0.0, 0.0, -1.0, 1.340631, 0.0, 1.0, 0.0, 0.000704, 0.0, 0.0, 0.0, 1.0],
                [1.0, 0.0, 0.0, -0.002624, 0.0, 0.0, -1.0, 1.570318, 0.0, 1.0, 0.0, 0.000704, 0.0, 0.0, 0.0, 1.0],
                [1.0, 0.0, 0.0, -0.002291, 0.0, 0.0, -1.0, 1.807214, 0.0, 1.0, 0.0, 0.000704, 0.0, 0.0, 0.0, 1.0],
                [1.0, 0.0, 0.0, -0.001985, 0.0, 0.0, -1.0, 2.048764, 0.0, 1.0, 0.0, 0.000704, 0.0, 0.0, 0.0, 1.0],
                [1.0, 0.0, 0.0, -0.001714, 0.0, 0.0, -1.0, 2.292418, 0.0, 1.0, 0.0, 0.000704, 0.0, 0.0, 0.0, 1.0],
                [1.0, 0.0, 0.0, -0.001488, 0.0, 0.0, -1.0, 2.535623, 0.0, 1.0, 0.0, 0.000704, 0.0, 0.0, 0.0, 1.0],
                [1.0, 0.0, 0.0, -0.001316, 0.0, 0.0, -1.0, 2.775825, 0.0, 1.0, 0.0, 0.000704, 0.0, 0.0, 0.0, 1.0],
                [1.0, 0.0, 0.0, -0.001205, 0.0, 0.0, -1.0, 3.010472, 0.0, 1.0, 0.0, 0.000704, 0.0, 0.0, 0.0, 1.0],
                [1.0, 0.0, 0.0, -0.001167, 0.0, 0.0, -1.0, 3.237013, 0.0, 1.0, 0.0, 0.000704, 0.0, 0.0, 0.0, 1.0],
                [1.0, 0.0, 0.0, -0.002442, 0.0, 0.0, -1.0, 3.453415, 0.0, 1.0, 0.0, 0.000704, 0.0, 0.0, 0.0, 1.0],
                [1.0, 0.0, 0.0, -0.005937, 0.0, 0.0, -1.0, 3.659729, 0.0, 1.0, 0.0, 0.000704, 0.0, 0.0, 0.0, 1.0],
                [1.0, 0.0, 0.0, -0.011161, 0.0, 0.0, -1.0, 3.856531, 0.0, 1.0, 0.0, 0.000704, 0.0, 0.0, 0.0, 1.0],
                [1.0, 0.0, 0.0, -0.017618, 0.0, 0.0, -1.0, 4.044391, 0.0, 1.0, 0.0, 0.000704, 0.0, 0.0, 0.0, 1.0],
                [1.0, 0.0, 0.0, -0.024815, 0.0, 0.0, -1.0, 4.223883, 0.0, 1.0, 0.0, 0.000704, 0.0, 0.0, 0.0, 1.0],
                [1.0, 0.0, 0.0, -0.03226, 0.0, 0.0, -1.0, 4.395581, 0.0, 1.0, 0.0, 0.000704, 0.0, 0.0, 0.0, 1.0],
                [1.0, 0.0, 0.0, -0.039457, 0.0, 0.0, -1.0, 4.560055, 0.0, 1.0, 0.0, 0.000704, 0.0, 0.0, 0.0, 1.0],
                [1.0, 0.0, 0.0, -0.045914, 0.0, 0.0, -1.0, 4.71788, 0.0, 1.0, 0.0, 0.000704, 0.0, 0.0, 0.0, 1.0],
                [1.0, 0.0, 0.0, -0.051138, 0.0, 0.0, -1.0, 4.869629, 0.0, 1.0, 0.0, 0.000704, 0.0, 0.0, 0.0, 1.0],
                [1.0, 0.0, 0.0, -0.054634, 0.0, 0.0, -1.0, 5.015874, 0.0, 1.0, 0.0, 0.000704, 0.0, 0.0, 0.0, 1.0],
                [1.0, 0.0, 0.0, -0.055908, 0.0, 0.0, -1.0, 5.157188, 0.0, 1.0, 0.0, 0.000704, 0.0, 0.0, 0.0, 1.0],
                [1.0, 0.0, 0.0, -0.053787, 0.0, 0.0, -1.0, 5.294252, 0.0, 1.0, 0.0, 0.000704, 0.0, 0.0, 0.0, 1.0],
                [1.0, 0.0, 0.0, -0.047882, 0.0, 0.0, -1.0, 5.428175, 0.0, 1.0, 0.0, 0.000704, 0.0, 0.0, 0.0, 1.0],
                [1.0, 0.0, 0.0, -0.038882, 0.0, 0.0, -1.0, 5.560173, 0.0, 1.0, 0.0, 0.000704, 0.0, 0.0, 0.0, 1.0],
                [1.0, 0.0, 0.0, -0.027473, 0.0, 0.0, -1.0, 5.691463, 0.0, 1.0, 0.0, 0.000704, 0.0, 0.0, 0.0, 1.0],
                [1.0, 0.0, 0.0, -0.014345, 0.0, 0.0, -1.0, 5.82326, 0.0, 1.0, 0.0, 0.000704, 0.0, 0.0, 0.0, 1.0],
                [1.0, 0.0, 0.0, -0.000185, 0.0, 0.0, -1.0, 5.956782, 0.0, 1.0, 0.0, 0.000704, 0.0, 0.0, 0.0, 1.0],
                [1.0, 0.0, 0.0, 0.014319, 0.0, 0.0, -1.0, 6.093246, 0.0, 1.0, 0.0, 0.000704, 0.0, 0.0, 0.0, 1.0],
                [1.0, 0.0, 0.0, 0.028479, 0.0, 0.0, -1.0, 6.233867, 0.0, 1.0, 0.0, 0.000704, 0.0, 0.0, 0.0, 1.0],
                [1.0, 0.0, 0.0, 0.041607, 0.0, 0.0, -1.0, 6.379862, 0.0, 1.0, 0.0, 0.000704, 0.0, 0.0, 0.0, 1.0],
                [1.0, 0.0, 0.0, 0.053016, 0.0, 0.0, -1.0, 6.532448, 0.0, 1.0, 0.0, 0.000704, 0.0, 0.0, 0.0, 1.0],
                [1.0, 0.0, 0.0, 0.062016, 0.0, 0.0, -1.0, 6.692841, 0.0, 1.0, 0.0, 0.000704, 0.0, 0.0, 0.0, 1.0],
                [1.0, 0.0, 0.0, 0.067921, 0.0, 0.0, -1.0, 6.862257, 0.0, 1.0, 0.0, 0.000704, 0.0, 0.0, 0.0, 1.0],
                [1.0, 0.0, 0.0, 0.070043, 0.0, 0.0, -1.0, 7.041914, 0.0, 1.0, 0.0, 0.000704, 0.0, 0.0, 0.0, 1.0],
                [1.0, 0.0, 0.0, 0.062772, 0.0, 0.0, -1.0, 7.232463, 0.0, 1.0, 0.0, 0.000704, 0.0, 0.0, 0.0, 1.0],
                [1.0, 0.0, 0.0, 0.042032, 0.0, 0.0, -1.0, 7.431896, 0.0, 1.0, 0.0, 0.000704, 0.0, 0.0, 0.0, 1.0],
                [1.0, 0.0, 0.0, 0.009427, 0.0, 0.0, -1.0, 7.637433, 0.0, 1.0, 0.0, 0.000704, 0.0, 0.0, 0.0, 1.0],
                [1.0, 0.0, 0.0, -0.033434, 0.0, 0.0, -1.0, 7.846296, 0.0, 1.0, 0.0, 0.000704, 0.0, 0.0, 0.0, 1.0],
                [1.0, 0.0, 0.0, -0.084946, 0.0, 0.0, -1.0, 8.055706, 0.0, 1.0, 0.0, 0.000704, 0.0, 0.0, 0.0, 1.0],
                [1.0, 0.0, 0.0, -0.143503, 0.0, 0.0, -1.0, 8.262886, 0.0, 1.0, 0.0, 0.000704, 0.0, 0.0, 0.0, 1.0],
                [1.0, 0.0, 0.0, -0.207498, 0.0, 0.0, -1.0, 8.465056, 0.0, 1.0, 0.0, 0.000704, 0.0, 0.0, 0.0, 1.0],
                [1.0, 0.0, 0.0, -0.275325, 0.0, 0.0, -1.0, 8.659436, 0.0, 1.0, 0.0, 0.000704, 0.0, 0.0, 0.0, 1.0],
                [1.0, 0.0, 0.0, -0.345377, 0.0, 0.0, -1.0, 8.843252, 0.0, 1.0, 0.0, 0.000704, 0.0, 0.0, 0.0, 1.0],
                [1.0, 0.0, 0.0, -0.416048, 0.0, 0.0, -1.0, 9.013722, 0.0, 1.0, 0.0, 0.000704, 0.0, 0.0, 0.0, 1.0],
                [1.0, 0.0, 0.0, -0.485731, 0.0, 0.0, -1.0, 9.16807, 0.0, 1.0, 0.0, 0.000704, 0.0, 0.0, 0.0, 1.0],
                [1.0, 0.0, 0.0, -0.552821, 0.0, 0.0, -1.0, 9.303513, 0.0, 1.0, 0.0, 0.000704, 0.0, 0.0, 0.0, 1.0],
                [1.0, 0.0, 0.0, -0.616, 0.0, 0.0, -1.0, 9.422079, 0.0, 1.0, 0.0, 0.000704, 0.0, 0.0, 0.0, 1.0],
                [1.0, 0.0, 0.0, -0.675117, 0.0, 0.0, -1.0, 9.528185, 0.0, 1.0, 0.0, 0.000704, 0.0, 0.0, 0.0, 1.0],
                [1.0, 0.0, 0.0, -0.730308, 0.0, 0.0, -1.0, 9.622642, 0.0, 1.0, 0.0, 0.000704, 0.0, 0.0, 0.0, 1.0],
                [1.0, 0.0, 0.0, -0.781712, 0.0, 0.0, -1.0, 9.706261, 0.0, 1.0, 0.0, 0.000704, 0.0, 0.0, 0.0, 1.0],
                [1.0, 0.0, 0.0, -0.829464, 0.0, 0.0, -1.0, 9.779853, 0.0, 1.0, 0.0, 0.000704, 0.0, 0.0, 0.0, 1.0],
                [1.0, 0.0, 0.0, -0.873703, 0.0, 0.0, -1.0, 9.844232, 0.0, 1.0, 0.0, 0.000704, 0.0, 0.0, 0.0, 1.0],
                [1.0, 0.0, 0.0, -0.914567, 0.0, 0.0, -1.0, 9.900206, 0.0, 1.0, 0.0, 0.000704, 0.0, 0.0, 0.0, 1.0],
                [1.0, 0.0, 0.0, -0.952192, 0.0, 0.0, -1.0, 9.948589, 0.0, 1.0, 0.0, 0.000704, 0.0, 0.0, 0.0, 1.0],
                [1.0, 0.0, 0.0, -0.98673, 0.0, 0.0, -1.0, 9.990172, 0.0, 1.0, 0.0, 0.000704, 0.0, 0.0, 0.0, 1.0],
                [1.0, 0.0, 0.0, -1.018385, 0.0, 0.0, -1.0, 10.025671, 0.0, 1.0, 0.0, 0.000704, 0.0, 0.0, 0.0, 1.0],
                [1.0, 0.0, 0.0, -1.047377, 0.0, 0.0, -1.0, 10.055773, 0.0, 1.0, 0.0, 0.000704, 0.0, 0.0, 0.0, 1.0],
                [1.0, 0.0, 0.0, -1.073923, 0.0, 0.0, -1.0, 10.081175, 0.0, 1.0, 0.0, 0.000704, 0.0, 0.0, 0.0, 1.0],
                [1.0, 0.0, 0.0, -1.098243, 0.0, 0.0, -1.0, 10.10257, 0.0, 1.0, 0.0, 0.000704, 0.0, 0.0, 0.0, 1.0],
                [1.0, 0.0, 0.0, -1.120555, 0.0, 0.0, -1.0, 10.120649, 0.0, 1.0, 0.0, 0.000704, 0.0, 0.0, 0.0, 1.0],
                [1.0, 0.0, 0.0, -1.141077, 0.0, 0.0, -1.0, 10.136105, 0.0, 1.0, 0.0, 0.000704, 0.0, 0.0, 0.0, 1.0],
                [1.0, 0.0, 0.0, -1.160028, 0.0, 0.0, -1.0, 10.149632, 0.0, 1.0, 0.0, 0.000704, 0.0, 0.0, 0.0, 1.0],
                [1.0, 0.0, 0.0, -1.177628, 0.0, 0.0, -1.0, 10.161923, 0.0, 1.0, 0.0, 0.000704, 0.0, 0.0, 0.0, 1.0],
                [1.0, 0.0, 0.0, -1.194093, 0.0, 0.0, -1.0, 10.173671, 0.0, 1.0, 0.0, 0.000704, 0.0, 0.0, 0.0, 1.0],
                [1.0, 0.0, 0.0, -1.20961, 0.0, 0.0, -1.0, 10.185926, 0.0, 1.0, 0.0, 0.000704, 0.0, 0.0, 0.0, 1.0],
                [1.0, 0.0, 0.0, -1.224236, 0.0, 0.0, -1.0, 10.199188, 0.0, 1.0, 0.0, 0.000704, 0.0, 0.0, 0.0, 1.0],
                [1.0, 0.0, 0.0, -1.237993, 0.0, 0.0, -1.0, 10.213321, 0.0, 1.0, 0.0, 0.000704, 0.0, 0.0, 0.0, 1.0],
                [1.0, 0.0, 0.0, -1.250906, 0.0, 0.0, -1.0, 10.228182, 0.0, 1.0, 0.0, 0.000704, 0.0, 0.0, 0.0, 1.0],
                [1.0, 0.0, 0.0, -1.262997, 0.0, 0.0, -1.0, 10.243636, 0.0, 1.0, 0.0, 0.000704, 0.0, 0.0, 0.0, 1.0],
                [1.0, 0.0, 0.0, -1.27429, 0.0, 0.0, -1.0, 10.259548, 0.0, 1.0, 0.0, 0.000704, 0.0, 0.0, 0.0, 1.0],
                [1.0, 0.0, 0.0, -1.284808, 0.0, 0.0, -1.0, 10.275775, 0.0, 1.0, 0.0, 0.000704, 0.0, 0.0, 0.0, 1.0],
                [1.0, 0.0, 0.0, -1.294575, 0.0, 0.0, -1.0, 10.292182, 0.0, 1.0, 0.0, 0.000704, 0.0, 0.0, 0.0, 1.0],
                [1.0, 0.0, 0.0, -1.303614, 0.0, 0.0, -1.0, 10.308632, 0.0, 1.0, 0.0, 0.000704, 0.0, 0.0, 0.0, 1.0],
                [1.0, 0.0, 0.0, -1.311949, 0.0, 0.0, -1.0, 10.324984, 0.0, 1.0, 0.0, 0.000704, 0.0, 0.0, 0.0, 1.0],
                [1.0, 0.0, 0.0, -1.319603, 0.0, 0.0, -1.0, 10.341102, 0.0, 1.0, 0.0, 0.000704, 0.0, 0.0, 0.0, 1.0],
                [1.0, 0.0, 0.0, -1.326599, 0.0, 0.0, -1.0, 10.356849, 0.0, 1.0, 0.0, 0.000704, 0.0, 0.0, 0.0, 1.0],
                [1.0, 0.0, 0.0, -1.332961, 0.0, 0.0, -1.0, 10.372085, 0.0, 1.0, 0.0, 0.000704, 0.0, 0.0, 0.0, 1.0],
                [1.0, 0.0, 0.0, -1.338713, 0.0, 0.0, -1.0, 10.386674, 0.0, 1.0, 0.0, 0.000704, 0.0, 0.0, 0.0, 1.0],
                [1.0, 0.0, 0.0, -1.343877, 0.0, 0.0, -1.0, 10.400876, 0.0, 1.0, 0.0, 0.000704, 0.0, 0.0, 0.0, 1.0],
                [1.0, 0.0, 0.0, -1.348477, 0.0, 0.0, -1.0, 10.414984, 0.0, 1.0, 0.0, 0.000704, 0.0, 0.0, 0.0, 1.0],
                [1.0, 0.0, 0.0, -1.352537, 0.0, 0.0, -1.0, 10.428906, 0.0, 1.0, 0.0, 0.000704, 0.0, 0.0, 0.0, 1.0],
                [1.0, 0.0, 0.0, -1.356081, 0.0, 0.0, -1.0, 10.442557, 0.0, 1.0, 0.0, 0.000704, 0.0, 0.0, 0.0, 1.0],
                [1.0, 0.0, 0.0, -1.35913, 0.0, 0.0, -1.0, 10.455846, 0.0, 1.0, 0.0, 0.000704, 0.0, 0.0, 0.0, 1.0],
                [1.0, 0.0, 0.0, -1.36171, 0.0, 0.0, -1.0, 10.468683, 0.0, 1.0, 0.0, 0.000704, 0.0, 0.0, 0.0, 1.0],
                [1.0, 0.0, 0.0, -1.363842, 0.0, 0.0, -1.0, 10.48098, 0.0, 1.0, 0.0, 0.000704, 0.0, 0.0, 0.0, 1.0],
                [1.0, 0.0, 0.0, -1.365551, 0.0, 0.0, -1.0, 10.492647, 0.0, 1.0, 0.0, 0.000704, 0.0, 0.0, 0.0, 1.0],
                [1.0, 0.0, 0.0, -1.366861, 0.0, 0.0, -1.0, 10.503597, 0.0, 1.0, 0.0, 0.000704, 0.0, 0.0, 0.0, 1.0],
                [1.0, 0.0, 0.0, -1.367794, 0.0, 0.0, -1.0, 10.513738, 0.0, 1.0, 0.0, 0.000704, 0.0, 0.0, 0.0, 1.0],
                [1.0, 0.0, 0.0, -1.368374, 0.0, 0.0, -1.0, 10.522983, 0.0, 1.0, 0.0, 0.000704, 0.0, 0.0, 0.0, 1.0],
                [1.0, 0.0, 0.0, -1.368625, 0.0, 0.0, -1.0, 10.53124, 0.0, 1.0, 0.0, 0.000704, 0.0, 0.0, 0.0, 1.0],
                [1.0, 0.0, 0.0, -1.368704, 0.0, 0.0, -1.0, 10.538406, 0.0, 1.0, 0.0, 0.000704, 0.0, 0.0, 0.0, 1.0],
                [1.0, 0.0, 0.0, -1.368756, 0.0, 0.0, -1.0, 10.544493, 0.0, 1.0, 0.0, 0.000704, 0.0, 0.0, 0.0, 1.0],
                [1.0, 0.0, 0.0, -1.368788, 0.0, 0.0, -1.0, 10.549583, 0.0, 1.0, 0.0, 0.000704, 0.0, 0.0, 0.0, 1.0],
                [1.0, 0.0, 0.0, -1.368805, 0.0, 0.0, -1.0, 10.553769, 0.0, 1.0, 0.0, 0.000704, 0.0, 0.0, 0.0, 1.0],
                [1.0, 0.0, 0.0, -1.368811, 0.0, 0.0, -1.0, 10.557136, 0.0, 1.0, 0.0, 0.000704, 0.0, 0.0, 0.0, 1.0],
                [1.0, 0.0, 0.0, -1.368812, 0.0, 0.0, -1.0, 10.55977, 0.0, 1.0, 0.0, 0.000704, 0.0, 0.0, 0.0, 1.0],
                [1.0, 0.0, 0.0, -1.368813, 0.0, 0.0, -1.0, 10.561761, 0.0, 1.0, 0.0, 0.000704, 0.0, 0.0, 0.0, 1.0],
                [1.0, 0.0, 0.0, -1.368819, 0.0, 0.0, -1.0, 10.563193, 0.0, 1.0, 0.0, 0.000704, 0.0, 0.0, 0.0, 1.0],
                [1.0, 0.0, 0.0, -1.368835, 0.0, 0.0, -1.0, 10.564156, 0.0, 1.0, 0.0, 0.000704, 0.0, 0.0, 0.0, 1.0],
                [1.0, 0.0, 0.0, -1.368867, 0.0, 0.0, -1.0, 10.564735, 0.0, 1.0, 0.0, 0.000704, 0.0, 0.0, 0.0, 1.0],
                [1.0, 0.0, 0.0, -1.36892, 0.0, 0.0, -1.0, 10.565018, 0.0, 1.0, 0.0, 0.000704, 0.0, 0.0, 0.0, 1.0],
                [1.0, 0.0, 0.0, -1.368999, 0.0, 0.0, -1.0, 10.565094, 0.0, 1.0, 0.0, 0.000704, 0.0, 0.0, 0.0, 1.0],
                [1.0, 0.0, 0.0, -1.369817, 0.0, 0.0, -1.0, 10.563931, 0.0, 1.0, 0.0, 0.000704, 0.0, 0.0, 0.0, 1.0],
                [1.0, 0.0, 0.0, -1.372033, 0.0, 0.0, -1.0, 10.560547, 0.0, 1.0, 0.0, 0.000704, 0.0, 0.0, 0.0, 1.0],
                [1.0, 0.0, 0.0, -1.375565, 0.0, 0.0, -1.0, 10.555094, 0.0, 1.0, 0.0, 0.000704, 0.0, 0.0, 0.0, 1.0],
                [1.0, 0.0, 0.0, -1.380333, 0.0, 0.0, -1.0, 10.547728, 0.0, 1.0, 0.0, 0.000704, 0.0, 0.0, 0.0, 1.0],
                [1.0, 0.0, 0.0, -1.386258, 0.0, 0.0, -1.0, 10.538602, 0.0, 1.0, 0.0, 0.000704, 0.0, 0.0, 0.0, 1.0],
                [1.0, 0.0, 0.0, -1.393258, 0.0, 0.0, -1.0, 10.52787, 0.0, 1.0, 0.0, 0.000704, 0.0, 0.0, 0.0, 1.0],
                [1.0, 0.0, 0.0, -1.401254, 0.0, 0.0, -1.0, 10.515688, 0.0, 1.0, 0.0, 0.000704, 0.0, 0.0, 0.0, 1.0],
                [1.0, 0.0, 0.0, -1.410165, 0.0, 0.0, -1.0, 10.502209, 0.0, 1.0, 0.0, 0.000704, 0.0, 0.0, 0.0, 1.0],
                [1.0, 0.0, 0.0, -1.419911, 0.0, 0.0, -1.0, 10.487584, 0.0, 1.0, 0.0, 0.000704, 0.0, 0.0, 0.0, 1.0],
                [1.0, 0.0, 0.0, -1.430412, 0.0, 0.0, -1.0, 10.471974, 0.0, 1.0, 0.0, 0.000704, 0.0, 0.0, 0.0, 1.0],
                [1.0, 0.0, 0.0, -1.441587, 0.0, 0.0, -1.0, 10.455526, 0.0, 1.0, 0.0, 0.000704, 0.0, 0.0, 0.0, 1.0],
                [1.0, 0.0, 0.0, -1.453357, 0.0, 0.0, -1.0, 10.438401, 0.0, 1.0, 0.0, 0.000704, 0.0, 0.0, 0.0, 1.0],
                [1.0, 0.0, 0.0, -1.46564, 0.0, 0.0, -1.0, 10.420748, 0.0, 1.0, 0.0, 0.000704, 0.0, 0.0, 0.0, 1.0],
                [1.0, 0.0, 0.0, -1.478358, 0.0, 0.0, -1.0, 10.402722, 0.0, 1.0, 0.0, 0.000704, 0.0, 0.0, 0.0, 1.0],
                [1.0, 0.0, 0.0, -1.491429, 0.0, 0.0, -1.0, 10.38448, 0.0, 1.0, 0.0, 0.000704, 0.0, 0.0, 0.0, 1.0],
                [1.0, 0.0, 0.0, -1.504773, 0.0, 0.0, -1.0, 10.366171, 0.0, 1.0, 0.0, 0.000704, 0.0, 0.0, 0.0, 1.0],
                [1.0, 0.0, 0.0, -1.51831, 0.0, 0.0, -1.0, 10.347956, 0.0, 1.0, 0.0, 0.000704, 0.0, 0.0, 0.0, 1.0],
                [1.0, 0.0, 0.0, -1.53196, 0.0, 0.0, -1.0, 10.329983, 0.0, 1.0, 0.0, 0.000704, 0.0, 0.0, 0.0, 1.0],
                [1.0, 0.0, 0.0, -1.545642, 0.0, 0.0, -1.0, 10.312408, 0.0, 1.0, 0.0, 0.000704, 0.0, 0.0, 0.0, 1.0],
                [1.0, 0.0, 0.0, -1.559289, 0.0, 0.0, -1.0, 10.295353, 0.0, 1.0, 0.0, 0.000704, 0.0, 0.0, 0.0, 1.0],
                [1.0, 0.0, 0.0, -1.572884, 0.0, 0.0, -1.0, 10.278835, 0.0, 1.0, 0.0, 0.000704, 0.0, 0.0, 0.0, 1.0],
                [1.0, 0.0, 0.0, -1.586423, 0.0, 0.0, -1.0, 10.262863, 0.0, 1.0, 0.0, 0.000704, 0.0, 0.0, 0.0, 1.0],
                [1.0, 0.0, 0.0, -1.599901, 0.0, 0.0, -1.0, 10.247443, 0.0, 1.0, 0.0, 0.000704, 0.0, 0.0, 0.0, 1.0],
                [1.0, 0.0, 0.0, -1.613315, 0.0, 0.0, -1.0, 10.232584, 0.0, 1.0, 0.0, 0.000704, 0.0, 0.0, 0.0, 1.0],
                [1.0, 0.0, 0.0, -1.626659, 0.0, 0.0, -1.0, 10.218296, 0.0, 1.0, 0.0, 0.000704, 0.0, 0.0, 0.0, 1.0],
                [1.0, 0.0, 0.0, -1.63993, 0.0, 0.0, -1.0, 10.204581, 0.0, 1.0, 0.0, 0.000704, 0.0, 0.0, 0.0, 1.0],
                [1.0, 0.0, 0.0, -1.653124, 0.0, 0.0, -1.0, 10.191451, 0.0, 1.0, 0.0, 0.000704, 0.0, 0.0, 0.0, 1.0],
                [1.0, 0.0, 0.0, -1.666236, 0.0, 0.0, -1.0, 10.178911, 0.0, 1.0, 0.0, 0.000704, 0.0, 0.0, 0.0, 1.0],
                [1.0, 0.0, 0.0, -1.679261, 0.0, 0.0, -1.0, 10.166971, 0.0, 1.0, 0.0, 0.000704, 0.0, 0.0, 0.0, 1.0],
                [1.0, 0.0, 0.0, -1.692197, 0.0, 0.0, -1.0, 10.155636, 0.0, 1.0, 0.0, 0.000704, 0.0, 0.0, 0.0, 1.0],
                [1.0, 0.0, 0.0, -1.705038, 0.0, 0.0, -1.0, 10.144914, 0.0, 1.0, 0.0, 0.000704, 0.0, 0.0, 0.0, 1.0],
                [1.0, 0.0, 0.0, -1.71778, 0.0, 0.0, -1.0, 10.134813, 0.0, 1.0, 0.0, 0.000704, 0.0, 0.0, 0.0, 1.0],
                [1.0, 0.0, 0.0, -1.730418, 0.0, 0.0, -1.0, 10.12534, 0.0, 1.0, 0.0, 0.000704, 0.0, 0.0, 0.0, 1.0],
                [1.0, 0.0, 0.0, -1.74295, 0.0, 0.0, -1.0, 10.116506, 0.0, 1.0, 0.0, 0.000704, 0.0, 0.0, 0.0, 1.0],
                [1.0, 0.0, 0.0, -1.75537, 0.0, 0.0, -1.0, 10.108314, 0.0, 1.0, 0.0, 0.000704, 0.0, 0.0, 0.0, 1.0],
                [1.0, 0.0, 0.0, -1.767674, 0.0, 0.0, -1.0, 10.100772, 0.0, 1.0, 0.0, 0.000704, 0.0, 0.0, 0.0, 1.0],
                [1.0, 0.0, 0.0, -1.779858, 0.0, 0.0, -1.0, 10.09389, 0.0, 1.0, 0.0, 0.000704, 0.0, 0.0, 0.0, 1.0],
                [1.0, 0.0, 0.0, -1.791918, 0.0, 0.0, -1.0, 10.087674, 0.0, 1.0, 0.0, 0.000704, 0.0, 0.0, 0.0, 1.0],
                [1.0, 0.0, 0.0, -1.803849, 0.0, 0.0, -1.0, 10.082132, 0.0, 1.0, 0.0, 0.000704, 0.0, 0.0, 0.0, 1.0],
                [1.0, 0.0, 0.0, -1.815645, 0.0, 0.0, -1.0, 10.077064, 0.0, 1.0, 0.0, 0.000704, 0.0, 0.0, 0.0, 1.0],
                [1.0, 0.0, 0.0, -1.82729, 0.0, 0.0, -1.0, 10.072261, 0.0, 1.0, 0.0, 0.000704, 0.0, 0.0, 0.0, 1.0],
                [1.0, 0.0, 0.0, -1.838767, 0.0, 0.0, -1.0, 10.067714, 0.0, 1.0, 0.0, 0.000704, 0.0, 0.0, 0.0, 1.0],
                [1.0, 0.0, 0.0, -1.85006, 0.0, 0.0, -1.0, 10.063418, 0.0, 1.0, 0.0, 0.000704, 0.0, 0.0, 0.0, 1.0],
                [1.0, 0.0, 0.0, -1.861149, 0.0, 0.0, -1.0, 10.059367, 0.0, 1.0, 0.0, 0.000704, 0.0, 0.0, 0.0, 1.0],
                [1.0, 0.0, 0.0, -1.872018, 0.0, 0.0, -1.0, 10.055556, 0.0, 1.0, 0.0, 0.000704, 0.0, 0.0, 0.0, 1.0],
                [1.0, 0.0, 0.0, -1.882649, 0.0, 0.0, -1.0, 10.051976, 0.0, 1.0, 0.0, 0.000704, 0.0, 0.0, 0.0, 1.0],
                [1.0, 0.0, 0.0, -1.893024, 0.0, 0.0, -1.0, 10.048621, 0.0, 1.0, 0.0, 0.000704, 0.0, 0.0, 0.0, 1.0],
                [1.0, 0.0, 0.0, -1.903127, 0.0, 0.0, -1.0, 10.045485, 0.0, 1.0, 0.0, 0.000704, 0.0, 0.0, 0.0, 1.0],
                [1.0, 0.0, 0.0, -1.912939, 0.0, 0.0, -1.0, 10.042561, 0.0, 1.0, 0.0, 0.000704, 0.0, 0.0, 0.0, 1.0],
                [1.0, 0.0, 0.0, -1.922443, 0.0, 0.0, -1.0, 10.039844, 0.0, 1.0, 0.0, 0.000704, 0.0, 0.0, 0.0, 1.0],
                [1.0, 0.0, 0.0, -1.931622, 0.0, 0.0, -1.0, 10.037324, 0.0, 1.0, 0.0, 0.000704, 0.0, 0.0, 0.0, 1.0],
                [1.0, 0.0, 0.0, -1.940458, 0.0, 0.0, -1.0, 10.034999, 0.0, 1.0, 0.0, 0.000704, 0.0, 0.0, 0.0, 1.0],
                [1.0, 0.0, 0.0, -1.948933, 0.0, 0.0, -1.0, 10.03286, 0.0, 1.0, 0.0, 0.000704, 0.0, 0.0, 0.0, 1.0],
                [1.0, 0.0, 0.0, -1.95703, 0.0, 0.0, -1.0, 10.0309, 0.0, 1.0, 0.0, 0.000704, 0.0, 0.0, 0.0, 1.0],
                [1.0, 0.0, 0.0, -1.964732, 0.0, 0.0, -1.0, 10.029114, 0.0, 1.0, 0.0, 0.000704, 0.0, 0.0, 0.0, 1.0],
                [1.0, 0.0, 0.0, -1.972021, 0.0, 0.0, -1.0, 10.027496, 0.0, 1.0, 0.0, 0.000704, 0.0, 0.0, 0.0, 1.0],
                [1.0, 0.0, 0.0, -1.978879, 0.0, 0.0, -1.0, 10.026036, 0.0, 1.0, 0.0, 0.000704, 0.0, 0.0, 0.0, 1.0],
                [1.0, 0.0, 0.0, -1.985289, 0.0, 0.0, -1.0, 10.024734, 0.0, 1.0, 0.0, 0.000704, 0.0, 0.0, 0.0, 1.0],
                [1.0, 0.0, 0.0, -1.991234, 0.0, 0.0, -1.0, 10.023576, 0.0, 1.0, 0.0, 0.000704, 0.0, 0.0, 0.0, 1.0],
                [1.0, 0.0, 0.0, -1.996695, 0.0, 0.0, -1.0, 10.02256, 0.0, 1.0, 0.0, 0.000704, 0.0, 0.0, 0.0, 1.0],
                [1.0, 0.0, 0.0, -2.001656, 0.0, 0.0, -1.0, 10.021679, 0.0, 1.0, 0.0, 0.000704, 0.0, 0.0, 0.0, 1.0],
                [1.0, 0.0, 0.0, -2.006099, 0.0, 0.0, -1.0, 10.020925, 0.0, 1.0, 0.0, 0.000704, 0.0, 0.0, 0.0, 1.0],
                [1.0, 0.0, 0.0, -2.010006, 0.0, 0.0, -1.0, 10.020292, 0.0, 1.0, 0.0, 0.000704, 0.0, 0.0, 0.0, 1.0],
                [1.0, 0.0, 0.0, -2.013361, 0.0, 0.0, -1.0, 10.019775, 0.0, 1.0, 0.0, 0.000704, 0.0, 0.0, 0.0, 1.0],
                [1.0, 0.0, 0.0, -2.016144, 0.0, 0.0, -1.0, 10.019367, 0.0, 1.0, 0.0, 0.000704, 0.0, 0.0, 0.0, 1.0],
                [1.0, 0.0, 0.0, -2.01834, 0.0, 0.0, -1.0, 10.01906, 0.0, 1.0, 0.0, 0.000704, 0.0, 0.0, 0.0, 1.0],
                [1.0, 0.0, 0.0, -2.01993, 0.0, 0.0, -1.0, 10.01885, 0.0, 1.0, 0.0, 0.000704, 0.0, 0.0, 0.0, 1.0],
                [1.0, 0.0, 0.0, -2.020896, 0.0, 0.0, -1.0, 10.018728, 0.0, 1.0, 0.0, 0.000704, 0.0, 0.0, 0.0, 1.0],
                [1.0, 0.0, 0.0, -2.021223, 0.0, 0.0, -1.0, 10.018689, 0.0, 1.0, 0.0, 0.000704, 0.0, 0.0, 0.0, 1.0]
            ]
        },
        {
            "name": "B_Calf_L_IK",
            "time": [0.0, 0.0167, 0.0333, 0.05, 0.0667, 0.0833, 0.1, 0.1167, 0.1333, 0.15, 0.1667, 0.1833, 0.2, 0.2167, 0.2333, 0.25, 0.2667, 0.2833, 0.3, 0.3167, 0.3333, 0.35, 0.3667, 0.3833, 0.4, 0.4167, 0.4333, 0.45, 0.4667, 0.4833, 0.5, 0.5167, 0.5333, 0.55, 0.5667, 0.5833, 0.6, 0.6167, 0.6333, 0.65, 0.6667, 0.6833, 0.7, 0.7167, 0.7333, 0.75, 0.7667, 0.7833, 0.8, 0.8167, 0.8333, 0.85, 0.8667, 0.8833, 0.9, 0.9167, 0.9333, 0.95, 0.9667, 0.9833, 1.0, 1.0167, 1.0333, 1.05, 1.0667, 1.0833, 1.1, 1.1167, 1.1333, 1.15, 1.1667, 1.1833, 1.2, 1.2167, 1.2333, 1.25, 1.2667, 1.2833, 1.3, 1.3167, 1.3333, 1.35, 1.3667, 1.3833, 1.4, 1.4167, 1.4333, 1.45, 1.4667, 1.4833, 1.5, 1.5167, 1.5333, 1.55, 1.5667, 1.5833, 1.6, 1.6167, 1.6333, 1.65, 1.6667, 1.6833, 1.7, 1.7167, 1.7333, 1.75, 1.7667, 1.7833, 1.8, 1.8167, 1.8333, 1.85, 1.8667, 1.8833, 1.9, 1.9167, 1.9333, 1.95, 1.9667, 1.9833, 2.0, 2.0167, 2.0333, 2.05, 2.0667, 2.0833, 2.1, 2.1167, 2.1333, 2.15, 2.1667, 2.1833, 2.2, 2.2167, 2.2333, 2.25, 2.2667, 2.2833, 2.3, 2.3167, 2.3333, 2.35, 2.3667, 2.3833, 2.4, 2.4167, 2.4333, 2.45, 2.4667, 2.4833, 2.5, 2.5167, 2.5333, 2.55, 2.5667, 2.5833, 2.6, 2.6167, 2.6333, 2.65, 2.6667, 2.6833, 2.7, 2.7167, 2.7333, 2.75, 2.7667, 2.7833, 2.8, 2.8167, 2.8333, 2.85, 2.8667, 2.8833, 2.9, 2.9167, 2.9333, 2.95, 2.9667, 2.9833],
            "transform": [
                [0.000914, -0.080889, 0.996723, -0.424498, -0.994574, 0.103613, 0.009321, 0.48497, -0.104027, -0.991323, -0.080355, 0.081163, 0.0, 0.0, 0.0, 1.0],
                [-0.004935, -0.075921, 0.997102, -0.424536, -0.998054, 0.062353, -0.000192, 0.410865, -0.062158, -0.995162, -0.076081, -0.015661, 0.0, 0.0, 0.0, 1.0],
                [-0.010784, -0.07095, 0.997422, -0.424646, -0.999784, 0.018513, -0.009493, 0.33676, -0.017791, -0.997308, -0.071134, -0.080306, 0.0, 0.0, 0.0, 1.0],
                [-0.010784, -0.070949, 0.997422, -0.424819, -0.999845, 0.014639, -0.009769, 0.336762, -0.013908, -0.997372, -0.071096, -0.00082, 0.0, 0.0, 0.0, 1.0],
                [-0.010784, -0.07095, 0.997422, -0.425045, -0.999875, 0.012289, -0.009936, 0.336777, -0.011552, -0.997404, -0.071073, 0.106848, 0.0, 0.0, 0.0, 1.0],
                [-0.010784, -0.070949, 0.997422, -0.425315, -0.999888, 0.011082, -0.010022, 0.336817, -0.010342, -0.997418, -0.071061, 0.239669, 0.0, 0.0, 0.0, 1.0],
                [-0.010784, -0.070949, 0.997422, -0.425622, -0.999893, 0.010637, -0.010054, 0.336894, -0.009896, -0.997423, -0.071057, 0.394927, 0.0, 0.0, 0.0, 1.0],
                [-0.010784, -0.070949, 0.997422, -0.425955, -0.999893, 0.010574, -0.010059, 0.337022, -0.009833, -0.997424, -0.071056, 0.569982, 0.0, 0.0, 0.0, 1.0],
                [-0.010784, -0.07095, 0.997422, -0.426306, -0.999894, 0.01051, -0.010063, 0.337212, -0.009769, -0.997424, -0.071055, 0.762196, 0.0, 0.0, 0.0, 1.0],
                [-0.010784, -0.070949, 0.997422, -0.426665, -0.999898, 0.010066, -0.010095, 0.337477, -0.009323, -0.997429, -0.071051, 0.968929, 0.0, 0.0, 0.0, 1.0],
                [-0.010784, -0.070949, 0.997422, -0.427025, -0.999909, 0.008859, -0.010181, 0.337831, -0.008114, -0.99744, -0.071038, 1.187542, 0.0, 0.0, 0.0, 1.0],
                [-0.010784, -0.07095, 0.997422, -0.427376, -0.999925, 0.006509, -0.010348, 0.338284, -0.005758, -0.997458, -0.071014, 1.413058, 0.0, 0.0, 0.0, 1.0],
                [-0.010784, -0.070949, 0.997422, -0.427709, -0.99994, 0.002634, -0.010624, 0.338851, -0.001874, -0.997476, -0.070973, 1.652547, 0.0, 0.0, 0.0, 1.0],
                [-0.00642, -0.070186, 0.997513, -0.427417, -0.959578, -0.280248, -0.025895, 0.369831, 0.281369, -0.957358, -0.06555, 1.84072, 0.0, 0.0, 0.0, 1.0],
                [0.00516, -0.068152, 0.997662, -0.426062, -0.722313, -0.690202, -0.043413, 0.442906, 0.691547, -0.7204, -0.052789, 1.96142, 0.0, 0.0, 0.0, 1.0],
                [0.021567, -0.065263, 0.997635, -0.423897, -0.541136, -0.839823, -0.043241, 0.532062, 0.840659, -0.538923, -0.053429, 2.058584, 0.0, 0.0, 0.0, 1.0],
                [0.040357, -0.061944, 0.997263, -0.421208, -0.48993, -0.871087, -0.03428, 0.618911, 0.870827, -0.487206, -0.065503, 2.139045, 0.0, 0.0, 0.0, 1.0],
                [0.059136, -0.058604, 0.996528, -0.418272, -0.452227, -0.891535, -0.025593, 0.690068, 0.88994, -0.449144, -0.079224, 2.199481, 0.0, 0.0, 0.0, 1.0],
                [0.075619, -0.055673, 0.995581, -0.415306, -0.409985, -0.911876, -0.019852, 0.744565, 0.908952, -0.406672, -0.09178, 2.233037, 0.0, 0.0, 0.0, 1.0],
                [0.087555, -0.05359, 0.994717, -0.41128, -0.375302, -0.926748, -0.016894, 0.784534, 0.922758, -0.37184, -0.101254, 2.232497, 0.0, 0.0, 0.0, 1.0],
                [0.092702, -0.052796, 0.994293, -0.405496, -0.36089, -0.932473, -0.015866, 0.812107, 0.927989, -0.357359, -0.105496, 2.192727, 0.0, 0.0, 0.0, 1.0],
                [0.093411, -0.052802, 0.994227, -0.398584, -0.361069, -0.932409, -0.015595, 0.828933, 0.927849, -0.357527, -0.106162, 2.10925, 0.0, 0.0, 0.0, 1.0],
                [0.093672, -0.05287, 0.994198, -0.390877, -0.362479, -0.931864, -0.015403, 0.834716, 0.927272, -0.358933, -0.106453, 1.97811, 0.0, 0.0, 0.0, 1.0],
                [0.093708, -0.053057, 0.994185, -0.382679, -0.366326, -0.930363, -0.015122, 0.80915, 0.925756, -0.362779, -0.106619, 1.800098, 0.0, 0.0, 0.0, 1.0],
                [0.093743, -0.053421, 0.994162, -0.37445, -0.373801, -0.927394, -0.014586, 0.752904, 0.922759, -0.370251, -0.106906, 1.594447, 0.0, 0.0, 0.0, 1.0],
                [0.094002, -0.054021, 0.994105, -0.366686, -0.386063, -0.922372, -0.013618, 0.696659, 0.91767, -0.382507, -0.10756, 1.384995, 0.0, 0.0, 0.0, 1.0],
                [0.094706, -0.054915, 0.99399, -0.359883, -0.404214, -0.914585, -0.012015, 0.671093, 0.909748, -0.400647, -0.108814, 1.195586, 0.0, 0.0, 0.0, 1.0],
                [0.105627, -0.075317, 0.991549, -0.354519, -0.482227, -0.875915, -0.015163, 0.679771, 0.869655, -0.47655, -0.12884, 1.044023, 0.0, 0.0, 0.0, 1.0],
                [0.128308, -0.127094, 0.983557, -0.350993, -0.630561, -0.775931, -0.018006, 0.698862, 0.765461, -0.617882, -0.179699, 0.923954, 0.0, 0.0, 0.0, 1.0],
                [0.150671, -0.199044, 0.968339, -0.349677, -0.783282, -0.621638, -0.005902, 0.717954, 0.603131, -0.757593, -0.24957, 0.822999, 0.0, 0.0, 0.0, 1.0],
                [0.160757, -0.280283, 0.946361, -0.351625, -0.893125, -0.449424, 0.018608, 0.726632, 0.420102, -0.848209, -0.322576, 0.728873, 0.0, 0.0, 0.0, 1.0],
                [0.148325, -0.36179, 0.920384, -0.356775, -0.952106, -0.303873, 0.033989, 0.698222, 0.267383, -0.881345, -0.389535, 0.634121, 0.0, 0.0, 0.0, 1.0],
                [0.117176, -0.437852, 0.891378, -0.364321, -0.980541, -0.193363, 0.033915, 0.6272, 0.15751, -0.878007, -0.45199, 0.548969, 0.0, 0.0, 0.0, 1.0],
                [0.076518, -0.503289, 0.860724, -0.373947, -0.993324, -0.113216, 0.022105, 0.53487, 0.086322, -0.856669, -0.508592, 0.488036, 0.0, 0.0, 0.0, 1.0],
                [0.035734, -0.5536, 0.832016, -0.38534, -0.998279, -0.058513, 0.003942, 0.442541, 0.046502, -0.830724, -0.554738, 0.465939, 0.0, 0.0, 0.0, 1.0],
                [0.004318, -0.585551, 0.810624, -0.398185, -0.999558, -0.02636, -0.013717, 0.371518, 0.0294, -0.810206, -0.585407, 0.497296, 0.0, 0.0, 0.0, 1.0],
                [-0.008252, -0.596773, 0.802368, -0.412168, -0.999633, -0.015771, -0.02201, 0.343109, 0.025789, -0.802255, -0.596424, 0.596726, 0.0, 0.0, 0.0, 1.0],
                [-0.008252, -0.596773, 0.802368, -0.426328, -0.999633, -0.015771, -0.02201, 0.343109, 0.025789, -0.802255, -0.596424, 0.737347, 0.0, 0.0, 0.0, 1.0],
                [-0.008252, -0.596773, 0.802368, -0.439456, -0.999633, -0.015771, -0.02201, 0.343109, 0.025789, -0.802255, -0.596424, 0.883342, 0.0, 0.0, 0.0, 1.0],
                [-0.008252, -0.596773, 0.802368, -0.450865, -0.999633, -0.015771, -0.02201, 0.343109, 0.025789, -0.802255, -0.596424, 1.035928, 0.0, 0.0, 0.0, 1.0],
                [-0.008252, -0.596773, 0.802368, -0.459865, -0.999633, -0.015771, -0.02201, 0.343109, 0.025789, -0.802255, -0.596424, 1.196321, 0.0, 0.0, 0.0, 1.0],
                [-0.008252, -0.596773, 0.802368, -0.46577, -0.999633, -0.015771, -0.02201, 0.343109, 0.025789, -0.802255, -0.596424, 1.365737, 0.0, 0.0, 0.0, 1.0],
                [-0.008252, -0.596773, 0.802368, -0.467891, -0.999633, -0.015771, -0.02201, 0.343109, 0.025789, -0.802255, -0.596424, 1.545394, 0.0, 0.0, 0.0, 1.0],
                [-0.008252, -0.596773, 0.802368, -0.460621, -0.999633, -0.015771, -0.02201, 0.343109, 0.025789, -0.802255, -0.596424, 1.735943, 0.0, 0.0, 0.0, 1.0],
                [-0.008252, -0.596773, 0.802368, -0.439881, -0.999633, -0.015771, -0.02201, 0.343109, 0.025789, -0.802255, -0.596424, 1.935377, 0.0, 0.0, 0.0, 1.0],
                [-0.008252, -0.596773, 0.802368, -0.407276, -0.999633, -0.015771, -0.02201, 0.343109, 0.025789, -0.802255, -0.596424, 2.140913, 0.0, 0.0, 0.0, 1.0],
                [-0.008252, -0.596773, 0.802368, -0.364415, -0.999633, -0.015771, -0.02201, 0.343109, 0.025789, -0.802255, -0.596424, 2.349777, 0.0, 0.0, 0.0, 1.0],
                [0.019649, -0.614195, 0.78891, -0.313012, -0.998655, -0.049925, -0.013995, 0.362944, 0.047982, -0.787573, -0.61435, 2.502042, 0.0, 0.0, 0.0, 1.0],
                [0.089287, -0.656885, 0.748685, -0.255246, -0.990671, -0.136271, -0.001416, 0.412533, 0.102954, -0.741574, -0.662924, 2.555237, 0.0, 0.0, 0.0, 1.0],
                [0.179118, -0.708768, 0.682323, -0.193412, -0.968672, -0.248317, -0.003653, 0.476999, 0.172022, -0.660292, -0.731042, 2.532751, 0.0, 0.0, 0.0, 1.0],
                [0.267478, -0.756648, 0.596607, -0.129807, -0.934096, -0.35557, -0.032168, 0.541465, 0.236476, -0.548683, -0.801889, 2.457969, 0.0, 0.0, 0.0, 1.0],
                [0.333989, -0.7958, 0.505127, -0.06673, -0.899502, -0.429247, -0.081507, 0.591056, 0.281687, -0.42714, -0.859187, 2.35429, 0.0, 0.0, 0.0, 1.0],
                [0.360157, -0.83125, 0.423451, -0.006475, -0.883847, -0.449284, -0.130224, 0.610893, 0.298498, -0.327365, -0.89651, 2.245102, 0.0, 0.0, 0.0, 1.0],
                [0.35561, -0.864337, 0.355618, 0.046962, -0.886845, -0.432157, -0.163543, 0.60671, 0.295039, -0.25722, -0.920212, 2.149078, 0.0, 0.0, 0.0, 1.0],
                [0.342833, -0.891404, 0.296418, 0.090914, -0.895055, -0.405763, -0.185023, 0.594992, 0.285206, -0.201878, -0.936965, 2.066021, 0.0, 0.0, 0.0, 1.0],
                [0.323089, -0.913982, 0.245459, 0.125361, -0.907126, -0.373008, -0.194902, 0.576994, 0.269695, -0.159692, -0.949612, 1.995826, 0.0, 0.0, 0.0, 1.0],
                [0.29763, -0.933013, 0.202247, 0.151445, -0.921592, -0.336084, -0.194206, 0.553973, 0.249168, -0.128588, -0.959885, 1.940775, 0.0, 0.0, 0.0, 1.0],
                [0.267737, -0.949039, 0.166261, 0.1706, -0.937, -0.296656, -0.184462, 0.527185, 0.224384, -0.106399, -0.968675, 1.899549, 0.0, 0.0, 0.0, 1.0],
                [0.234745, -0.962359, 0.136964, 0.184258, -0.952035, -0.256066, -0.167507, 0.497884, 0.196274, -0.091073, -0.97631, 1.870821, 0.0, 0.0, 0.0, 1.0],
                [0.20005, -0.973155, 0.113797, 0.193853, -0.965625, -0.215499, -0.145357, 0.467328, 0.165978, -0.080806, -0.982813, 1.853275, 0.0, 0.0, 0.0, 1.0],
                [0.165102, -0.981578, 0.096156, 0.200818, -0.977017, -0.1761, -0.120106, 0.436771, 0.134827, -0.074116, -0.988093, 1.845587, 0.0, 0.0, 0.0, 1.0],
                [0.131394, -0.987817, 0.083381, 0.206586, -0.985829, -0.13905, -0.093842, 0.40747, 0.104293, -0.06987, -0.992089, 1.846435, 0.0, 0.0, 0.0, 1.0],
                [0.10044, -0.992131, 0.074753, 0.212592, -0.992042, -0.105598, -0.068574, 0.380681, 0.075928, -0.06727, -0.994841, 1.854497, 0.0, 0.0, 0.0, 1.0],
                [0.073761, -0.994852, 0.069495, 0.220281, -0.995956, -0.077069, -0.046174, 0.357658, 0.051293, -0.065808, -0.996513, 1.868433, 0.0, 0.0, 0.0, 1.0],
                [0.052865, -0.996365, 0.066795, 0.231154, -0.998092, -0.054858, -0.028351, 0.339659, 0.031912, -0.065169, -0.997364, 1.886826, 0.0, 0.0, 0.0, 1.0],
                [0.039246, -0.99706, 0.065809, 0.246726, -0.999044, -0.040422, -0.016642, 0.327938, 0.019253, -0.065093, -0.997693, 1.908227, 0.0, 0.0, 0.0, 1.0],
                [0.03438, -0.997248, 0.065675, 0.268512, -0.9993, -0.03527, -0.012444, 0.323752, 0.014726, -0.065201, -0.997763, 1.931203, 0.0, 0.0, 0.0, 1.0],
                [0.03438, -0.997248, 0.065675, 0.292831, -0.9993, -0.03527, -0.012444, 0.323752, 0.014726, -0.065201, -0.997763, 1.952598, 0.0, 0.0, 0.0, 1.0],
                [0.03438, -0.997248, 0.065675, 0.315143, -0.9993, -0.03527, -0.012444, 0.323752, 0.014726, -0.065201, -0.997763, 1.970677, 0.0, 0.0, 0.0, 1.0],
                [0.03438, -0.997248, 0.065675, 0.335665, -0.9993, -0.03527, -0.012444, 0.323752, 0.014726, -0.065201, -0.997763, 1.986133, 0.0, 0.0, 0.0, 1.0],
                [0.03438, -0.997248, 0.065675, 0.354617, -0.9993, -0.03527, -0.012444, 0.323752, 0.014726, -0.065201, -0.997763, 1.99966, 0.0, 0.0, 0.0, 1.0],
                [0.03438, -0.997248, 0.065675, 0.372216, -0.9993, -0.03527, -0.012444, 0.323752, 0.014726, -0.065201, -0.997763, 2.011951, 0.0, 0.0, 0.0, 1.0],
                [0.03438, -0.997248, 0.065675, 0.388681, -0.9993, -0.03527, -0.012444, 0.323752, 0.014726, -0.065201, -0.997763, 2.023699, 0.0, 0.0, 0.0, 1.0],
                [0.03438, -0.997248, 0.065675, 0.404198, -0.9993, -0.03527, -0.012444, 0.323752, 0.014726, -0.065201, -0.997763, 2.035954, 0.0, 0.0, 0.0, 1.0],
                [0.03438, -0.997248, 0.065675, 0.418824, -0.9993, -0.03527, -0.012444, 0.323752, 0.014726, -0.065201, -0.997763, 2.049216, 0.0, 0.0, 0.0, 1.0],
                [0.034375, -0.997238, 0.065835, 0.432593, -0.9993, -0.035267, -0.012437, 0.323756, 0.014724, -0.065361, -0.997753, 2.063236, 0.0, 0.0, 0.0, 1.0],
                [0.034361, -0.997208, 0.066304, 0.445539, -0.999301, -0.035259, -0.012415, 0.323766, 0.014719, -0.065831, -0.997722, 2.07777, 0.0, 0.0, 0.0, 1.0],
                [0.034339, -0.997158, 0.067064, 0.457685, -0.999302, -0.035246, -0.012381, 0.323783, 0.014709, -0.066593, -0.997672, 2.092694, 0.0, 0.0, 0.0, 1.0],
                [0.034309, -0.997089, 0.068097, 0.469052, -0.999303, -0.035228, -0.012333, 0.323806, 0.014696, -0.067627, -0.997602, 2.107885, 0.0, 0.0, 0.0, 1.0],
                [0.034272, -0.997001, 0.069384, 0.479662, -0.999305, -0.035205, -0.012275, 0.323834, 0.014681, -0.068915, -0.997514, 2.123213, 0.0, 0.0, 0.0, 1.0],
                [0.034228, -0.996895, 0.070907, 0.489538, -0.999306, -0.035178, -0.012205, 0.323868, 0.014662, -0.07044, -0.997408, 2.138556, 0.0, 0.0, 0.0, 1.0],
                [0.034177, -0.996772, 0.072648, 0.498703, -0.999309, -0.035148, -0.012126, 0.323906, 0.01464, -0.072183, -0.997284, 2.153791, 0.0, 0.0, 0.0, 1.0],
                [0.034121, -0.99663, 0.074588, 0.507177, -0.999311, -0.035113, -0.012038, 0.323949, 0.014616, -0.074125, -0.997142, 2.168789, 0.0, 0.0, 0.0, 1.0],
                [0.034059, -0.996472, 0.076709, 0.514983, -0.999313, -0.035075, -0.011942, 0.323995, 0.01459, -0.07625, -0.996982, 2.183424, 0.0, 0.0, 0.0, 1.0],
                [0.033992, -0.996295, 0.078994, 0.522143, -0.999316, -0.035034, -0.011838, 0.324046, 0.014562, -0.078538, -0.996805, 2.197576, 0.0, 0.0, 0.0, 1.0],
                [0.033922, -0.996102, 0.081423, 0.52868, -0.999319, -0.03499, -0.011729, 0.324099, 0.014532, -0.08097, -0.996611, 2.211114, 0.0, 0.0, 0.0, 1.0],
                [0.033847, -0.995892, 0.083979, 0.534615, -0.999322, -0.034943, -0.011613, 0.324156, 0.0145, -0.083529, -0.9964, 2.223917, 0.0, 0.0, 0.0, 1.0],
                [0.03377, -0.995667, 0.086643, 0.539971, -0.999325, -0.034894, -0.011494, 0.324214, 0.014467, -0.086197, -0.996173, 2.236256, 0.0, 0.0, 0.0, 1.0],
                [0.03369, -0.995426, 0.089398, 0.544769, -0.999328, -0.034843, -0.01137, 0.324275, 0.014433, -0.088955, -0.995931, 2.248438, 0.0, 0.0, 0.0, 1.0],
                [0.033607, -0.995171, 0.092224, 0.549032, -0.999331, -0.03479, -0.011244, 0.324337, 0.014398, -0.091784, -0.995675, 2.260384, 0.0, 0.0, 0.0, 1.0],
                [0.033524, -0.994903, 0.095104, 0.552782, -0.999335, -0.034735, -0.011116, 0.324401, 0.014363, -0.094668, -0.995405, 2.272019, 0.0, 0.0, 0.0, 1.0],
                [0.033439, -0.994623, 0.098019, 0.556042, -0.999338, -0.03468, -0.010986, 0.324465, 0.014327, -0.097587, -0.995124, 2.283268, 0.0, 0.0, 0.0, 1.0],
                [0.033353, -0.994332, 0.100952, 0.558832, -0.999341, -0.034623, -0.010857, 0.32453, 0.01429, -0.100523, -0.994832, 2.294053, 0.0, 0.0, 0.0, 1.0],
                [0.033268, -0.994033, 0.103884, 0.561176, -0.999345, -0.034567, -0.010727, 0.324595, 0.014254, -0.103459, -0.994532, 2.304296, 0.0, 0.0, 0.0, 1.0],
                [0.033183, -0.993727, 0.106796, 0.563095, -0.999348, -0.034509, -0.010599, 0.324659, 0.014218, -0.106375, -0.994224, 2.313924, 0.0, 0.0, 0.0, 1.0],
                [0.033099, -0.993417, 0.109672, 0.564612, -0.999351, -0.034453, -0.010473, 0.324723, 0.014182, -0.109254, -0.993913, 2.322859, 0.0, 0.0, 0.0, 1.0],
                [0.033017, -0.993104, 0.112492, 0.565748, -0.999355, -0.034397, -0.010349, 0.324785, 0.014147, -0.112078, -0.993599, 2.331022, 0.0, 0.0, 0.0, 1.0],
                [0.032936, -0.992791, 0.11524, 0.566526, -0.999358, -0.034342, -0.01023, 0.324846, 0.014113, -0.114829, -0.993285, 2.338342, 0.0, 0.0, 0.0, 1.0],
                [0.032859, -0.992482, 0.117895, 0.566968, -0.999361, -0.034288, -0.010114, 0.324904, 0.01408, -0.117488, -0.992974, 2.344736, 0.0, 0.0, 0.0, 1.0],
                [0.032784, -0.992179, 0.120442, 0.56723, -0.999364, -0.034236, -0.010004, 0.324961, 0.014049, -0.120038, -0.99267, 2.350116, 0.0, 0.0, 0.0, 1.0],
