{
    "animation": [
        {
            "name": "Root",
            "time": [0.0, 0.0167, 0.0333, 0.05, 0.0667, 0.0833, 0.1, 0.1167, 0.1333, 0.15, 0.1667, 0.1833, 0.2, 0.2167, 0.2333, 0.25, 0.2667, 0.2833, 0.3, 0.3167, 0.3333, 0.35, 0.3667, 0.3833, 0.4, 0.4167, 0.4333, 0.45, 0.4667, 0.4833, 0.5, 0.5167, 0.5333, 0.55, 0.5667, 0.5833, 0.6, 0.6167, 0.6333, 0.65, 0.6667, 0.6833, 0.7, 0.7167, 0.7333, 0.75, 0.7667, 0.7833, 0.8, 0.8167, 0.8333, 0.85, 0.8667, 0.8833, 0.9, 0.9167, 0.9333, 0.95, 0.9667, 0.9833, 1.0, 1.0167, 1.0333, 1.05, 1.0667, 1.0833, 1.1, 1.1167, 1.1333, 1.15, 1.1667, 1.1833, 1.2, 1.2167, 1.2333, 1.25, 1.2667, 1.2833, 1.3, 1.3167, 1.3333, 1.35, 1.3667, 1.3833, 1.4, 1.4167, 1.4333, 1.45, 1.4667, 1.4833, 1.5, 1.5167, 1.5333, 1.55, 1.5667, 1.5833, 1.6, 1.6167, 1.6333, 1.65, 1.6667, 1.6833, 1.7, 1.7167, 1.7333, 1.75, 1.7667, 1.7833, 1.8, 1.8167, 1.8333, 1.85, 1.8667, 1.8833, 1.9, 1.9167, 1.9333, 1.95, 1.9667, 1.9833, 2.0, 2.0167, 2.0333, 2.05, 2.0667, 2.0833, 2.1, 2.1167, 2.1333, 2.15, 2.1667, 2.1833, 2.2, 2.2167, 2.2333, 2.25, 2.2667, 2.2833, 2.3, 2.3167, 2.3333, 2.35, 2.3667, 2.3833, 2.4, 2.4167, 2.4333, 2.45, 2.4667, 2.4833, 2.5, 2.5167, 2.5333, 2.55, 2.5667, 2.5833, 2.6, 2.6167, 2.6333, 2.65, 2.6667],
            "transform": [
                [1.0, 0.0, 0.0, -0.005502, 0.0, 0.0, -1.0, 0.001758, 0.0, 1.0, 0.0, 0.000704, 0.0, 0.0, 0.0, 1.0],
                [1.0, 0.0, 0.0, -0.001211, 0.0, 0.0, -1.0, 0.049928, 0.0, 1.0, 0.0, 0.000704, 0.0, 0.0, 0.0, 1.0],
                [1.0, 0.0, 0.0, 0.009717, 0.0, 0.0, -1.0, 0.179014, 0.0, 1.0, 0.0, 0.000704, 0.0, 0.0, 0.0, 1.0],
                [1.0, 0.0, 0.0, 0.024359, 0.0, 0.0, -1.0, 0.365887, 0.0, 1.0, 0.0, 0.000704, 0.0, 0.0, 0.0, 1.0],
                [1.0, 0.0, 0.0, 0.039794, 0.0, 0.0, -1.0, 0.587415, 0.0, 1.0, 0.0, 0.000704, 0.0, 0.0, 0.0, 1.0],
                [1.0, 0.0, 0.0, 0.053101, 0.0, 0.0, -1.0, 0.820468, 0.0, 1.0, 0.0, 0.000704, 0.0, 0.0, 0.0, 1.0],
                [1.0, 0.0, 0.0, 0.061358, 0.0, 0.0, -1.0, 1.041914, 0.0, 1.0, 0.0, 0.000704, 0.0, 0.0, 0.0, 1.0],
                [1.0, 0.0, 0.0, 0.064707, 0.0, 0.0, -1.0, 1.235002, 0.0, 1.0, 0.0, 0.000704, 0.0, 0.0, 0.0, 1.0],
                [1.0, 0.0, 0.0, 0.065941, 0.0, 0.0, -1.0, 1.408497, 0.0, 1.0, 0.0, 0.000704, 0.0, 0.0, 0.0, 1.0],
                [1.0, 0.0, 0.0, 0.066117, 0.0, 0.0, -1.0, 1.577543, 0.0, 1.0, 0.0, 0.000704, 0.0, 0.0, 0.0, 1.0],
                [1.0, 0.0, 0.0, 0.062485, 0.0, 0.0, -1.0, 1.754167, 0.0, 1.0, 0.0, 0.000704, 0.0, 0.0, 0.0, 1.0],
                [1.0, 0.0, 0.0, 0.053003, 0.0, 0.0, -1.0, 1.937912, 0.0, 1.0, 0.0, 0.000704, 0.0, 0.0, 0.0, 1.0],
                [1.0, 0.0, 0.0, 0.039797, 0.0, 0.0, -1.0, 2.125207, 0.0, 1.0, 0.0, 0.000704, 0.0, 0.0, 0.0, 1.0],
                [1.0, 0.0, 0.0, 0.024686, 0.0, 0.0, -1.0, 2.312999, 0.0, 1.0, 0.0, 0.000704, 0.0, 0.0, 0.0, 1.0],
                [1.0, 0.0, 0.0, 0.008273, 0.0, 0.0, -1.0, 2.500317, 0.0, 1.0, 0.0, 0.000704, 0.0, 0.0, 0.0, 1.0],
                [1.0, 0.0, 0.0, -0.009145, 0.0, 0.0, -1.0, 2.686711, 0.0, 1.0, 0.0, 0.000704, 0.0, 0.0, 0.0, 1.0],
                [1.0, 0.0, 0.0, -0.027268, 0.0, 0.0, -1.0, 2.871733, 0.0, 1.0, 0.0, 0.000704, 0.0, 0.0, 0.0, 1.0],
                [1.0, 0.0, 0.0, -0.045799, 0.0, 0.0, -1.0, 3.055077, 0.0, 1.0, 0.0, 0.000704, 0.0, 0.0, 0.0, 1.0],
                [1.0, 0.0, 0.0, -0.064439, 0.0, 0.0, -1.0, 3.237013, 0.0, 1.0, 0.0, 0.000704, 0.0, 0.0, 0.0, 1.0],
                [1.0, 0.0, 0.0, -0.082882, 0.0, 0.0, -1.0, 3.417871, 0.0, 1.0, 0.0, 0.000704, 0.0, 0.0, 0.0, 1.0],
                [1.0, 0.0, 0.0, -0.100781, 0.0, 0.0, -1.0, 3.597631, 0.0, 1.0, 0.0, 0.000704, 0.0, 0.0, 0.0, 1.0],
                [1.0, 0.0, 0.0, -0.117785, 0.0, 0.0, -1.0, 3.776187, 0.0, 1.0, 0.0, 0.000704, 0.0, 0.0, 0.0, 1.0],
                [1.0, 0.0, 0.0, -0.13354, 0.0, 0.0, -1.0, 3.953434, 0.0, 1.0, 0.0, 0.000704, 0.0, 0.0, 0.0, 1.0],
                [1.0, 0.0, 0.0, -0.147692, 0.0, 0.0, -1.0, 4.129265, 0.0, 1.0, 0.0, 0.000704, 0.0, 0.0, 0.0, 1.0],
                [1.0, 0.0, 0.0, -0.159888, 0.0, 0.0, -1.0, 4.303575, 0.0, 1.0, 0.0, 0.000704, 0.0, 0.0, 0.0, 1.0],
                [1.0, 0.0, 0.0, -0.169788, 0.0, 0.0, -1.0, 4.476411, 0.0, 1.0, 0.0, 0.000704, 0.0, 0.0, 0.0, 1.0],
                [1.0, 0.0, 0.0, -0.177109, 0.0, 0.0, -1.0, 4.648442, 0.0, 1.0, 0.0, 0.000704, 0.0, 0.0, 0.0, 1.0],
                [1.0, 0.0, 0.0, -0.181723, 0.0, 0.0, -1.0, 4.820089, 0.0, 1.0, 0.0, 0.000704, 0.0, 0.0, 0.0, 1.0],
                [1.0, 0.0, 0.0, -0.184068, 0.0, 0.0, -1.0, 4.990191, 0.0, 1.0, 0.0, 0.000704, 0.0, 0.0, 0.0, 1.0],
                [1.0, 0.0, 0.0, -0.184721, 0.0, 0.0, -1.0, 5.157189, 0.0, 1.0, 0.0, 0.000704, 0.0, 0.0, 0.0, 1.0],
                [1.0, 0.0, 0.0, -0.183478, 0.0, 0.0, -1.0, 5.320412, 0.0, 1.0, 0.0, 0.000704, 0.0, 0.0, 0.0, 1.0],
                [1.0, 0.0, 0.0, -0.180021, 0.0, 0.0, -1.0, 5.482727, 0.0, 1.0, 0.0, 0.000704, 0.0, 0.0, 0.0, 1.0],
                [1.0, 0.0, 0.0, -0.174756, 0.0, 0.0, -1.0, 5.647888, 0.0, 1.0, 0.0, 0.000704, 0.0, 0.0, 0.0, 1.0],
                [1.0, 0.0, 0.0, -0.16809, 0.0, 0.0, -1.0, 5.819647, 0.0, 1.0, 0.0, 0.000704, 0.0, 0.0, 0.0, 1.0],
                [1.0, 0.0, 0.0, -0.160429, 0.0, 0.0, -1.0, 6.001759, 0.0, 1.0, 0.0, 0.000704, 0.0, 0.0, 0.0, 1.0],
                [1.0, 0.0, 0.0, -0.152161, 0.0, 0.0, -1.0, 6.196401, 0.0, 1.0, 0.0, 0.000704, 0.0, 0.0, 0.0, 1.0],
                [1.0, 0.0, 0.0, -0.143593, 0.0, 0.0, -1.0, 6.39945, 0.0, 1.0, 0.0, 0.000704, 0.0, 0.0, 0.0, 1.0],
                [1.0, 0.0, 0.0, -0.135013, 0.0, 0.0, -1.0, 6.605208, 0.0, 1.0, 0.0, 0.000704, 0.0, 0.0, 0.0, 1.0],
                [1.0, 0.0, 0.0, -0.126706, 0.0, 0.0, -1.0, 6.807979, 0.0, 1.0, 0.0, 0.000704, 0.0, 0.0, 0.0, 1.0],
                [1.0, 0.0, 0.0, -0.118962, 0.0, 0.0, -1.0, 7.00206, 0.0, 1.0, 0.0, 0.000704, 0.0, 0.0, 0.0, 1.0],
                [1.0, 0.0, 0.0, -0.112068, 0.0, 0.0, -1.0, 7.181755, 0.0, 1.0, 0.0, 0.000704, 0.0, 0.0, 0.0, 1.0],
                [1.0, 0.0, 0.0, -0.10631, 0.0, 0.0, -1.0, 7.341367, 0.0, 1.0, 0.0, 0.000704, 0.0, 0.0, 0.0, 1.0],
                [1.0, 0.0, 0.0, -0.101977, 0.0, 0.0, -1.0, 7.475196, 0.0, 1.0, 0.0, 0.000704, 0.0, 0.0, 0.0, 1.0],
                [1.0, 0.0, 0.0, -0.099355, 0.0, 0.0, -1.0, 7.577543, 0.0, 1.0, 0.0, 0.000704, 0.0, 0.0, 0.0, 1.0],
                [1.0, 0.0, 0.0, -0.098029, 0.0, 0.0, -1.0, 7.646134, 0.0, 1.0, 0.0, 0.000704, 0.0, 0.0, 0.0, 1.0],
                [1.0, 0.0, 0.0, -0.09728, 0.0, 0.0, -1.0, 7.692385, 0.0, 1.0, 0.0, 0.000704, 0.0, 0.0, 0.0, 1.0],
                [1.0, 0.0, 0.0, -0.096943, 0.0, 0.0, -1.0, 7.731133, 0.0, 1.0, 0.0, 0.000704, 0.0, 0.0, 0.0, 1.0],
                [1.0, 0.0, 0.0, -0.096854, 0.0, 0.0, -1.0, 7.777216, 0.0, 1.0, 0.0, 0.000704, 0.0, 0.0, 0.0, 1.0],
                [1.0, 0.0, 0.0, -0.096847, 0.0, 0.0, -1.0, 7.845474, 0.0, 1.0, 0.0, 0.000704, 0.0, 0.0, 0.0, 1.0],
                [1.0, 0.0, 0.0, -0.096757, 0.0, 0.0, -1.0, 7.950744, 0.0, 1.0, 0.0, 0.000704, 0.0, 0.0, 0.0, 1.0],
                [1.0, 0.0, 0.0, -0.096421, 0.0, 0.0, -1.0, 8.107864, 0.0, 1.0, 0.0, 0.000704, 0.0, 0.0, 0.0, 1.0],
                [1.0, 0.0, 0.0, -0.095671, 0.0, 0.0, -1.0, 8.331676, 0.0, 1.0, 0.0, 0.000704, 0.0, 0.0, 0.0, 1.0],
                [1.0, 0.0, 0.0, -0.094345, 0.0, 0.0, -1.0, 8.637013, 0.0, 1.0, 0.0, 0.000704, 0.0, 0.0, 0.0, 1.0],
                [1.0, 0.0, 0.0, -0.081741, 0.0, 0.0, -1.0, 9.032563, 0.0, 1.0, 0.0, 0.000704, 0.0, 0.0, 0.0, 1.0],
                [1.0, 0.0, 0.0, -0.052806, 0.0, 0.0, -1.0, 9.493963, 0.0, 1.0, 0.0, 0.000704, 0.0, 0.0, 0.0, 1.0],
                [1.0, 0.0, 0.0, -0.015845, 0.0, 0.0, -1.0, 9.98649, 0.0, 1.0, 0.0, 0.000704, 0.0, 0.0, 0.0, 1.0],
                [1.0, 0.0, 0.0, 0.020838, 0.0, 0.0, -1.0, 10.475418, 0.0, 1.0, 0.0, 0.000704, 0.0, 0.0, 0.0, 1.0],
                [1.0, 0.0, 0.0, 0.048938, 0.0, 0.0, -1.0, 10.926021, 0.0, 1.0, 0.0, 0.000704, 0.0, 0.0, 0.0, 1.0],
                [1.0, 0.0, 0.0, 0.06015, 0.0, 0.0, -1.0, 11.303576, 0.0, 1.0, 0.0, 0.000704, 0.0, 0.0, 0.0, 1.0],
                [1.0, 0.0, 0.0, 0.059151, 0.0, 0.0, -1.0, 11.598095, 0.0, 1.0, 0.0, 0.000704, 0.0, 0.0, 0.0, 1.0],
                [1.0, 0.0, 0.0, 0.05644, 0.0, 0.0, -1.0, 11.828507, 0.0, 1.0, 0.0, 0.000704, 0.0, 0.0, 0.0, 1.0],
                [1.0, 0.0, 0.0, 0.052443, 0.0, 0.0, -1.0, 12.003459, 0.0, 1.0, 0.0, 0.000704, 0.0, 0.0, 0.0, 1.0],
                [1.0, 0.0, 0.0, 0.04759, 0.0, 0.0, -1.0, 12.131601, 0.0, 1.0, 0.0, 0.000704, 0.0, 0.0, 0.0, 1.0],
                [1.0, 0.0, 0.0, 0.042309, 0.0, 0.0, -1.0, 12.221582, 0.0, 1.0, 0.0, 0.000704, 0.0, 0.0, 0.0, 1.0],
                [1.0, 0.0, 0.0, 0.037028, 0.0, 0.0, -1.0, 12.282053, 0.0, 1.0, 0.0, 0.000704, 0.0, 0.0, 0.0, 1.0],
                [1.0, 0.0, 0.0, 0.032175, 0.0, 0.0, -1.0, 12.321654, 0.0, 1.0, 0.0, 0.000704, 0.0, 0.0, 0.0, 1.0],
                [1.0, 0.0, 0.0, 0.028178, 0.0, 0.0, -1.0, 12.349042, 0.0, 1.0, 0.0, 0.000704, 0.0, 0.0, 0.0, 1.0],
                [1.0, 0.0, 0.0, 0.025466, 0.0, 0.0, -1.0, 12.37286, 0.0, 1.0, 0.0, 0.000704, 0.0, 0.0, 0.0, 1.0],
                [1.0, 0.0, 0.0, 0.024467, 0.0, 0.0, -1.0, 12.401759, 0.0, 1.0, 0.0, 0.000704, 0.0, 0.0, 0.0, 1.0],
                [1.0, 0.0, 0.0, 0.024952, 0.0, 0.0, -1.0, 12.442774, 0.0, 1.0, 0.0, 0.000704, 0.0, 0.0, 0.0, 1.0],
                [1.0, 0.0, 0.0, 0.026332, 0.0, 0.0, -1.0, 12.496482, 0.0, 1.0, 0.0, 0.000704, 0.0, 0.0, 0.0, 1.0],
                [1.0, 0.0, 0.0, 0.028494, 0.0, 0.0, -1.0, 12.561849, 0.0, 1.0, 0.0, 0.000704, 0.0, 0.0, 0.0, 1.0],
                [1.0, 0.0, 0.0, 0.031328, 0.0, 0.0, -1.0, 12.637836, 0.0, 1.0, 0.0, 0.000704, 0.0, 0.0, 0.0, 1.0],
                [1.0, 0.0, 0.0, 0.034722, 0.0, 0.0, -1.0, 12.72341, 0.0, 1.0, 0.0, 0.000704, 0.0, 0.0, 0.0, 1.0],
                [1.0, 0.0, 0.0, 0.038562, 0.0, 0.0, -1.0, 12.817534, 0.0, 1.0, 0.0, 0.000704, 0.0, 0.0, 0.0, 1.0],
                [1.0, 0.0, 0.0, 0.042738, 0.0, 0.0, -1.0, 12.919174, 0.0, 1.0, 0.0, 0.000704, 0.0, 0.0, 0.0, 1.0],
                [1.0, 0.0, 0.0, 0.047138, 0.0, 0.0, -1.0, 13.027295, 0.0, 1.0, 0.0, 0.000704, 0.0, 0.0, 0.0, 1.0],
                [1.0, 0.0, 0.0, 0.05165, 0.0, 0.0, -1.0, 13.140858, 0.0, 1.0, 0.0, 0.000704, 0.0, 0.0, 0.0, 1.0],
                [1.0, 0.0, 0.0, 0.056162, 0.0, 0.0, -1.0, 13.25883, 0.0, 1.0, 0.0, 0.000704, 0.0, 0.0, 0.0, 1.0],
                [1.0, 0.0, 0.0, 0.060562, 0.0, 0.0, -1.0, 13.380173, 0.0, 1.0, 0.0, 0.000704, 0.0, 0.0, 0.0, 1.0],
                [1.0, 0.0, 0.0, 0.064738, 0.0, 0.0, -1.0, 13.503853, 0.0, 1.0, 0.0, 0.000704, 0.0, 0.0, 0.0, 1.0],
                [1.0, 0.0, 0.0, 0.068579, 0.0, 0.0, -1.0, 13.628836, 0.0, 1.0, 0.0, 0.000704, 0.0, 0.0, 0.0, 1.0],
                [1.0, 0.0, 0.0, 0.071972, 0.0, 0.0, -1.0, 13.754083, 0.0, 1.0, 0.0, 0.000704, 0.0, 0.0, 0.0, 1.0],
                [1.0, 0.0, 0.0, 0.074806, 0.0, 0.0, -1.0, 13.87856, 0.0, 1.0, 0.0, 0.000704, 0.0, 0.0, 0.0, 1.0],
                [1.0, 0.0, 0.0, 0.076969, 0.0, 0.0, -1.0, 14.001231, 0.0, 1.0, 0.0, 0.000704, 0.0, 0.0, 0.0, 1.0],
                [1.0, 0.0, 0.0, 0.078349, 0.0, 0.0, -1.0, 14.121061, 0.0, 1.0, 0.0, 0.000704, 0.0, 0.0, 0.0, 1.0],
                [1.0, 0.0, 0.0, 0.078833, 0.0, 0.0, -1.0, 14.237015, 0.0, 1.0, 0.0, 0.000704, 0.0, 0.0, 0.0, 1.0],
                [1.0, 0.0, 0.0, 0.078638, 0.0, 0.0, -1.0, 14.348244, 0.0, 1.0, 0.0, 0.000704, 0.0, 0.0, 0.0, 1.0],
                [1.0, 0.0, 0.0, 0.078057, 0.0, 0.0, -1.0, 14.454654, 0.0, 1.0, 0.0, 0.000704, 0.0, 0.0, 0.0, 1.0],
                [1.0, 0.0, 0.0, 0.0771, 0.0, 0.0, -1.0, 14.556341, 0.0, 1.0, 0.0, 0.000704, 0.0, 0.0, 0.0, 1.0],
                [1.0, 0.0, 0.0, 0.075775, 0.0, 0.0, -1.0, 14.6534, 0.0, 1.0, 0.0, 0.000704, 0.0, 0.0, 0.0, 1.0],
                [1.0, 0.0, 0.0, 0.074093, 0.0, 0.0, -1.0, 14.745924, 0.0, 1.0, 0.0, 0.000704, 0.0, 0.0, 0.0, 1.0],
                [1.0, 0.0, 0.0, 0.072062, 0.0, 0.0, -1.0, 14.834007, 0.0, 1.0, 0.0, 0.000704, 0.0, 0.0, 0.0, 1.0],
                [1.0, 0.0, 0.0, 0.069691, 0.0, 0.0, -1.0, 14.917747, 0.0, 1.0, 0.0, 0.000704, 0.0, 0.0, 0.0, 1.0],
                [1.0, 0.0, 0.0, 0.066989, 0.0, 0.0, -1.0, 14.997237, 0.0, 1.0, 0.0, 0.000704, 0.0, 0.0, 0.0, 1.0],
                [1.0, 0.0, 0.0, 0.063965, 0.0, 0.0, -1.0, 15.072572, 0.0, 1.0, 0.0, 0.000704, 0.0, 0.0, 0.0, 1.0],
                [1.0, 0.0, 0.0, 0.060629, 0.0, 0.0, -1.0, 15.143845, 0.0, 1.0, 0.0, 0.000704, 0.0, 0.0, 0.0, 1.0],
                [1.0, 0.0, 0.0, 0.056989, 0.0, 0.0, -1.0, 15.211152, 0.0, 1.0, 0.0, 0.000704, 0.0, 0.0, 0.0, 1.0],
                [1.0, 0.0, 0.0, 0.053054, 0.0, 0.0, -1.0, 15.274587, 0.0, 1.0, 0.0, 0.000704, 0.0, 0.0, 0.0, 1.0],
                [1.0, 0.0, 0.0, 0.048835, 0.0, 0.0, -1.0, 15.334246, 0.0, 1.0, 0.0, 0.000704, 0.0, 0.0, 0.0, 1.0],
                [1.0, 0.0, 0.0, 0.044338, 0.0, 0.0, -1.0, 15.390222, 0.0, 1.0, 0.0, 0.000704, 0.0, 0.0, 0.0, 1.0],
                [1.0, 0.0, 0.0, 0.039575, 0.0, 0.0, -1.0, 15.442611, 0.0, 1.0, 0.0, 0.000704, 0.0, 0.0, 0.0, 1.0],
                [1.0, 0.0, 0.0, 0.034553, 0.0, 0.0, -1.0, 15.491506, 0.0, 1.0, 0.0, 0.000704, 0.0, 0.0, 0.0, 1.0],
                [1.0, 0.0, 0.0, 0.029282, 0.0, 0.0, -1.0, 15.537004, 0.0, 1.0, 0.0, 0.000704, 0.0, 0.0, 0.0, 1.0],
                [1.0, 0.0, 0.0, 0.023772, 0.0, 0.0, -1.0, 15.579198, 0.0, 1.0, 0.0, 0.000704, 0.0, 0.0, 0.0, 1.0],
                [1.0, 0.0, 0.0, 0.01803, 0.0, 0.0, -1.0, 15.618181, 0.0, 1.0, 0.0, 0.000704, 0.0, 0.0, 0.0, 1.0],
                [1.0, 0.0, 0.0, 0.012066, 0.0, 0.0, -1.0, 15.654052, 0.0, 1.0, 0.0, 0.000704, 0.0, 0.0, 0.0, 1.0],
                [1.0, 0.0, 0.0, 0.00589, 0.0, 0.0, -1.0, 15.686911, 0.0, 1.0, 0.0, 0.000704, 0.0, 0.0, 0.0, 1.0],
                [1.0, 0.0, 0.0, -0.00049, 0.0, 0.0, -1.0, 15.716896, 0.0, 1.0, 0.0, 0.000704, 0.0, 0.0, 0.0, 1.0],
                [1.0, 0.0, 0.0, -0.007065, 0.0, 0.0, -1.0, 15.744152, 0.0, 1.0, 0.0, 0.000704, 0.0, 0.0, 0.0, 1.0],
                [1.0, 0.0, 0.0, -0.013825, 0.0, 0.0, -1.0, 15.768826, 0.0, 1.0, 0.0, 0.000704, 0.0, 0.0, 0.0, 1.0],
                [1.0, 0.0, 0.0, -0.020762, 0.0, 0.0, -1.0, 15.791061, 0.0, 1.0, 0.0, 0.000704, 0.0, 0.0, 0.0, 1.0],
                [1.0, 0.0, 0.0, -0.027866, 0.0, 0.0, -1.0, 15.811004, 0.0, 1.0, 0.0, 0.000704, 0.0, 0.0, 0.0, 1.0],
                [1.0, 0.0, 0.0, -0.035128, 0.0, 0.0, -1.0, 15.828799, 0.0, 1.0, 0.0, 0.000704, 0.0, 0.0, 0.0, 1.0],
                [1.0, 0.0, 0.0, -0.04254, 0.0, 0.0, -1.0, 15.844594, 0.0, 1.0, 0.0, 0.000704, 0.0, 0.0, 0.0, 1.0],
                [1.0, 0.0, 0.0, -0.050092, 0.0, 0.0, -1.0, 15.858532, 0.0, 1.0, 0.0, 0.000704, 0.0, 0.0, 0.0, 1.0],
                [1.0, 0.0, 0.0, -0.057775, 0.0, 0.0, -1.0, 15.870759, 0.0, 1.0, 0.0, 0.000704, 0.0, 0.0, 0.0, 1.0],
                [1.0, 0.0, 0.0, -0.06558, 0.0, 0.0, -1.0, 15.881422, 0.0, 1.0, 0.0, 0.000704, 0.0, 0.0, 0.0, 1.0],
                [1.0, 0.0, 0.0, -0.073497, 0.0, 0.0, -1.0, 15.890664, 0.0, 1.0, 0.0, 0.000704, 0.0, 0.0, 0.0, 1.0],
                [1.0, 0.0, 0.0, -0.081519, 0.0, 0.0, -1.0, 15.898634, 0.0, 1.0, 0.0, 0.000704, 0.0, 0.0, 0.0, 1.0],
                [1.0, 0.0, 0.0, -0.089635, 0.0, 0.0, -1.0, 15.905474, 0.0, 1.0, 0.0, 0.000704, 0.0, 0.0, 0.0, 1.0],
                [1.0, 0.0, 0.0, -0.097838, 0.0, 0.0, -1.0, 15.911331, 0.0, 1.0, 0.0, 0.000704, 0.0, 0.0, 0.0, 1.0],
                [1.0, 0.0, 0.0, -0.106116, 0.0, 0.0, -1.0, 15.916348, 0.0, 1.0, 0.0, 0.000704, 0.0, 0.0, 0.0, 1.0],
                [1.0, 0.0, 0.0, -0.114462, 0.0, 0.0, -1.0, 15.920674, 0.0, 1.0, 0.0, 0.000704, 0.0, 0.0, 0.0, 1.0],
                [1.0, 0.0, 0.0, -0.122867, 0.0, 0.0, -1.0, 15.924456, 0.0, 1.0, 0.0, 0.000704, 0.0, 0.0, 0.0, 1.0],
                [1.0, 0.0, 0.0, -0.131321, 0.0, 0.0, -1.0, 15.927834, 0.0, 1.0, 0.0, 0.000704, 0.0, 0.0, 0.0, 1.0],
                [1.0, 0.0, 0.0, -0.139815, 0.0, 0.0, -1.0, 15.930955, 0.0, 1.0, 0.0, 0.000704, 0.0, 0.0, 0.0, 1.0],
                [1.0, 0.0, 0.0, -0.148341, 0.0, 0.0, -1.0, 15.933966, 0.0, 1.0, 0.0, 0.000704, 0.0, 0.0, 0.0, 1.0],
                [1.0, 0.0, 0.0, -0.156889, 0.0, 0.0, -1.0, 15.937013, 0.0, 1.0, 0.0, 0.000704, 0.0, 0.0, 0.0, 1.0],
                [1.0, 0.0, 0.0, -0.165448, 0.0, 0.0, -1.0, 15.940241, 0.0, 1.0, 0.0, 0.000704, 0.0, 0.0, 0.0, 1.0],
                [1.0, 0.0, 0.0, -0.174003, 0.0, 0.0, -1.0, 15.943687, 0.0, 1.0, 0.0, 0.000704, 0.0, 0.0, 0.0, 1.0],
                [1.0, 0.0, 0.0, -0.182535, 0.0, 0.0, -1.0, 15.947331, 0.0, 1.0, 0.0, 0.000704, 0.0, 0.0, 0.0, 1.0],
                [1.0, 0.0, 0.0, -0.191029, 0.0, 0.0, -1.0, 15.951153, 0.0, 1.0, 0.0, 0.000704, 0.0, 0.0, 0.0, 1.0],
                [1.0, 0.0, 0.0, -0.199465, 0.0, 0.0, -1.0, 15.955128, 0.0, 1.0, 0.0, 0.000704, 0.0, 0.0, 0.0, 1.0],
                [1.0, 0.0, 0.0, -0.207827, 0.0, 0.0, -1.0, 15.959236, 0.0, 1.0, 0.0, 0.000704, 0.0, 0.0, 0.0, 1.0],
                [1.0, 0.0, 0.0, -0.216096, 0.0, 0.0, -1.0, 15.963459, 0.0, 1.0, 0.0, 0.000704, 0.0, 0.0, 0.0, 1.0],
                [1.0, 0.0, 0.0, -0.224256, 0.0, 0.0, -1.0, 15.967774, 0.0, 1.0, 0.0, 0.000704, 0.0, 0.0, 0.0, 1.0],
                [1.0, 0.0, 0.0, -0.232289, 0.0, 0.0, -1.0, 15.972161, 0.0, 1.0, 0.0, 0.000704, 0.0, 0.0, 0.0, 1.0],
                [1.0, 0.0, 0.0, -0.240177, 0.0, 0.0, -1.0, 15.976596, 0.0, 1.0, 0.0, 0.000704, 0.0, 0.0, 0.0, 1.0],
                [1.0, 0.0, 0.0, -0.247903, 0.0, 0.0, -1.0, 15.98106, 0.0, 1.0, 0.0, 0.000704, 0.0, 0.0, 0.0, 1.0],
                [1.0, 0.0, 0.0, -0.255449, 0.0, 0.0, -1.0, 15.985534, 0.0, 1.0, 0.0, 0.000704, 0.0, 0.0, 0.0, 1.0],
                [1.0, 0.0, 0.0, -0.262798, 0.0, 0.0, -1.0, 15.989993, 0.0, 1.0, 0.0, 0.000704, 0.0, 0.0, 0.0, 1.0],
                [1.0, 0.0, 0.0, -0.269932, 0.0, 0.0, -1.0, 15.994419, 0.0, 1.0, 0.0, 0.000704, 0.0, 0.0, 0.0, 1.0],
                [1.0, 0.0, 0.0, -0.276833, 0.0, 0.0, -1.0, 15.99879, 0.0, 1.0, 0.0, 0.000704, 0.0, 0.0, 0.0, 1.0],
                [1.0, 0.0, 0.0, -0.283485, 0.0, 0.0, -1.0, 16.003084, 0.0, 1.0, 0.0, 0.000704, 0.0, 0.0, 0.0, 1.0],
                [1.0, 0.0, 0.0, -0.28987, 0.0, 0.0, -1.0, 16.00728, 0.0, 1.0, 0.0, 0.000704, 0.0, 0.0, 0.0, 1.0],
                [1.0, 0.0, 0.0, -0.295969, 0.0, 0.0, -1.0, 16.011358, 0.0, 1.0, 0.0, 0.000704, 0.0, 0.0, 0.0, 1.0],
                [1.0, 0.0, 0.0, -0.301767, 0.0, 0.0, -1.0, 16.015301, 0.0, 1.0, 0.0, 0.000704, 0.0, 0.0, 0.0, 1.0],
                [1.0, 0.0, 0.0, -0.307244, 0.0, 0.0, -1.0, 16.019077, 0.0, 1.0, 0.0, 0.000704, 0.0, 0.0, 0.0, 1.0],
                [1.0, 0.0, 0.0, -0.312384, 0.0, 0.0, -1.0, 16.022675, 0.0, 1.0, 0.0, 0.000704, 0.0, 0.0, 0.0, 1.0],
                [1.0, 0.0, 0.0, -0.317169, 0.0, 0.0, -1.0, 16.02607, 0.0, 1.0, 0.0, 0.000704, 0.0, 0.0, 0.0, 1.0],
                [1.0, 0.0, 0.0, -0.321581, 0.0, 0.0, -1.0, 16.029242, 0.0, 1.0, 0.0, 0.000704, 0.0, 0.0, 0.0, 1.0],
                [1.0, 0.0, 0.0, -0.325603, 0.0, 0.0, -1.0, 16.032169, 0.0, 1.0, 0.0, 0.000704, 0.0, 0.0, 0.0, 1.0],
                [1.0, 0.0, 0.0, -0.329218, 0.0, 0.0, -1.0, 16.03483, 0.0, 1.0, 0.0, 0.000704, 0.0, 0.0, 0.0, 1.0],
                [1.0, 0.0, 0.0, -0.332407, 0.0, 0.0, -1.0, 16.037207, 0.0, 1.0, 0.0, 0.000704, 0.0, 0.0, 0.0, 1.0],
                [1.0, 0.0, 0.0, -0.335154, 0.0, 0.0, -1.0, 16.039272, 0.0, 1.0, 0.0, 0.000704, 0.0, 0.0, 0.0, 1.0],
                [1.0, 0.0, 0.0, -0.337441, 0.0, 0.0, -1.0, 16.041012, 0.0, 1.0, 0.0, 0.000704, 0.0, 0.0, 0.0, 1.0],
                [1.0, 0.0, 0.0, -0.33925, 0.0, 0.0, -1.0, 16.0424, 0.0, 1.0, 0.0, 0.000704, 0.0, 0.0, 0.0, 1.0],
                [1.0, 0.0, 0.0, -0.340564, 0.0, 0.0, -1.0, 16.043417, 0.0, 1.0, 0.0, 0.000704, 0.0, 0.0, 0.0, 1.0],
                [1.0, 0.0, 0.0, -0.341366, 0.0, 0.0, -1.0, 16.044044, 0.0, 1.0, 0.0, 0.000704, 0.0, 0.0, 0.0, 1.0],
                [1.0, 0.0, 0.0, -0.341637, 0.0, 0.0, -1.0, 16.044258, 0.0, 1.0, 0.0, 0.000704, 0.0, 0.0, 0.0, 1.0]
            ]
        },
        {
            "name": "B_Calf_L_IK",
            "time": [0.0, 0.0167, 0.0333, 0.05, 0.0667, 0.0833, 0.1, 0.1167, 0.1333, 0.15, 0.1667, 0.1833, 0.2, 0.2167, 0.2333, 0.25, 0.2667, 0.2833, 0.3, 0.3167, 0.3333, 0.35, 0.3667, 0.3833, 0.4, 0.4167, 0.4333, 0.45, 0.4667, 0.4833, 0.5, 0.5167, 0.5333, 0.55, 0.5667, 0.5833, 0.6, 0.6167, 0.6333, 0.65, 0.6667, 0.6833, 0.7, 0.7167, 0.7333, 0.75, 0.7667, 0.7833, 0.8, 0.8167, 0.8333, 0.85, 0.8667, 0.8833, 0.9, 0.9167, 0.9333, 0.95, 0.9667, 0.9833, 1.0, 1.0167, 1.0333, 1.05, 1.0667, 1.0833, 1.1, 1.1167, 1.1333, 1.15, 1.1667, 1.1833, 1.2, 1.2167, 1.2333, 1.25, 1.2667, 1.2833, 1.3, 1.3167, 1.3333, 1.35, 1.3667, 1.3833, 1.4, 1.4167, 1.4333, 1.45, 1.4667, 1.4833, 1.5, 1.5167, 1.5333, 1.55, 1.5667, 1.5833, 1.6, 1.6167, 1.6333, 1.65, 1.6667, 1.6833, 1.7, 1.7167, 1.7333, 1.75, 1.7667, 1.7833, 1.8, 1.8167, 1.8333, 1.85, 1.8667, 1.8833, 1.9, 1.9167, 1.9333, 1.95, 1.9667, 1.9833, 2.0, 2.0167, 2.0333, 2.05, 2.0667, 2.0833, 2.1, 2.1167, 2.1333, 2.15, 2.1667, 2.1833, 2.2, 2.2167, 2.2333, 2.25, 2.2667, 2.2833, 2.3, 2.3167, 2.3333, 2.35, 2.3667, 2.3833, 2.4, 2.4167, 2.4333, 2.45, 2.4667, 2.4833, 2.5, 2.5167, 2.5333, 2.55, 2.5667, 2.5833, 2.6, 2.6167, 2.6333, 2.65, 2.6667],
            "transform": [
                [0.000914, -0.080889, 0.996723, -0.424498, -0.994574, 0.103613, 0.009321, 0.48497, -0.104027, -0.991323, -0.080355, 0.081163, 0.0, 0.0, 0.0, 1.0],
                [-0.004935, -0.075921, 0.997102, -0.428789, -0.998054, 0.062353, -0.000192, 0.410865, -0.062158, -0.995162, -0.076081, 0.01529, 0.0, 0.0, 0.0, 1.0],
                [-0.010784, -0.07095, 0.997422, -0.439717, -0.999784, 0.018513, -0.009493, 0.33676, -0.017791, -0.997308, -0.071134, 0.029781, 0.0, 0.0, 0.0, 1.0],
                [-0.010784, -0.070949, 0.997422, -0.454359, -0.999845, 0.014639, -0.009769, 0.336762, -0.013908, -0.997372, -0.071096, 0.216008, 0.0, 0.0, 0.0, 1.0],
                [-0.010784, -0.07095, 0.997422, -0.469794, -0.999875, 0.012289, -0.009936, 0.336777, -0.011552, -0.997404, -0.071073, 0.437444, 0.0, 0.0, 0.0, 1.0],
                [-0.010784, -0.070949, 0.997422, -0.483101, -0.999888, 0.011082, -0.010022, 0.336817, -0.010342, -0.997418, -0.071061, 0.670482, 0.0, 0.0, 0.0, 1.0],
                [-0.010784, -0.070949, 0.997422, -0.491358, -0.999893, 0.010637, -0.010054, 0.336894, -0.009896, -0.997423, -0.071057, 0.891827, 0.0, 0.0, 0.0, 1.0],
                [-0.010784, -0.070949, 0.997422, -0.494707, -0.999893, 0.010574, -0.010059, 0.337022, -0.009833, -0.997424, -0.071056, 1.084641, 0.0, 0.0, 0.0, 1.0],
                [-0.010784, -0.07095, 0.997422, -0.495941, -0.999894, 0.01051, -0.010063, 0.337212, -0.009769, -0.997424, -0.071055, 1.257602, 0.0, 0.0, 0.0, 1.0],
                [-0.010784, -0.070949, 0.997422, -0.496118, -0.999898, 0.010066, -0.010095, 0.337477, -0.009323, -0.997429, -0.071051, 1.425768, 0.0, 0.0, 0.0, 1.0],
                [-0.010784, -0.070949, 0.997422, -0.492485, -0.999909, 0.008859, -0.010181, 0.337831, -0.008114, -0.99744, -0.071038, 1.601077, 0.0, 0.0, 0.0, 1.0],
                [-0.010784, -0.07095, 0.997422, -0.483004, -0.999925, 0.006509, -0.010348, 0.338285, -0.005758, -0.997458, -0.071014, 1.780652, 0.0, 0.0, 0.0, 1.0],
                [-0.010784, -0.070949, 0.997422, -0.469797, -0.99994, 0.002634, -0.010624, 0.338851, -0.001874, -0.997476, -0.070973, 1.97054, 0.0, 0.0, 0.0, 1.0],
                [-0.00642, -0.070186, 0.997513, -0.454088, -0.959578, -0.280248, -0.025895, 0.369831, 0.281369, -0.957358, -0.06555, 2.104998, 0.0, 0.0, 0.0, 1.0],
                [0.00516, -0.068152, 0.997662, -0.436049, -0.722313, -0.690202, -0.043413, 0.442906, 0.691547, -0.7204, -0.052789, 2.169319, 0.0, 0.0, 0.0, 1.0],
                [0.021567, -0.065263, 0.997635, -0.41624, -0.541136, -0.839823, -0.043241, 0.532062, 0.840659, -0.538923, -0.053429, 2.209459, 0.0, 0.0, 0.0, 1.0],
                [0.040357, -0.061944, 0.997263, -0.395255, -0.48993, -0.871087, -0.03428, 0.618911, 0.870827, -0.487206, -0.065503, 2.234953, 0.0, 0.0, 0.0, 1.0],
                [0.059136, -0.058604, 0.996528, -0.373679, -0.452227, -0.891535, -0.025593, 0.690068, 0.88994, -0.449144, -0.079224, 2.245177, 0.0, 0.0, 0.0, 1.0],
                [0.075619, -0.055673, 0.995581, -0.352035, -0.409985, -0.911876, -0.019852, 0.744565, 0.908952, -0.406672, -0.09178, 2.235263, 0.0, 0.0, 0.0, 1.0],
                [0.087555, -0.05359, 0.994717, -0.330842, -0.375302, -0.926748, -0.016894, 0.784534, 0.922758, -0.37184, -0.101254, 2.1992, 0.0, 0.0, 0.0, 1.0],
                [0.092702, -0.052796, 0.994293, -0.310652, -0.36089, -0.932473, -0.015866, 0.812107, 0.927989, -0.357359, -0.105496, 2.130629, 0.0, 0.0, 0.0, 1.0],
                [0.093543, -0.052872, 0.99421, -0.291957, -0.361064, -0.93241, -0.015614, 0.828933, 0.927837, -0.357513, -0.106311, 2.025224, 0.0, 0.0, 0.0, 1.0],
                [0.094094, -0.053093, 0.994146, -0.274955, -0.362465, -0.931869, -0.015461, 0.834716, 0.927235, -0.358888, -0.106928, 1.887152, 0.0, 0.0, 0.0, 1.0],
                [0.094421, -0.053434, 0.994097, -0.259815, -0.366302, -0.930372, -0.015217, 0.80915, 0.925693, -0.362703, -0.10742, 1.722557, 0.0, 0.0, 0.0, 1.0],
                [0.094589, -0.053869, 0.994058, -0.246848, -0.373771, -0.927405, -0.014691, 0.752904, 0.922685, -0.37016, -0.107857, 1.537023, 0.0, 0.0, 0.0, 1.0],
                [0.094662, -0.054371, 0.994024, -0.236382, -0.386039, -0.922381, -0.013689, 0.696659, 0.917612, -0.382436, -0.108304, 1.336148, 0.0, 0.0, 0.0, 1.0],
                [0.094706, -0.054915, 0.99399, -0.228688, -0.404214, -0.914585, -0.012015, 0.671093, 0.909748, -0.400647, -0.108814, 1.126148, 0.0, 0.0, 0.0, 1.0],
                [0.094752, -0.055555, 0.99395, -0.223857, -0.506047, -0.862506, 3.3e-05, 0.679771, 0.857285, -0.502988, -0.109837, 0.913889, 0.0, 0.0, 0.0, 1.0],
                [0.094788, -0.0567, 0.993882, -0.221397, -0.699282, -0.714375, 0.025937, 0.698862, 0.708533, -0.697462, -0.107363, 0.708232, 0.0, 0.0, 0.0, 1.0],
                [0.094814, -0.058862, 0.993753, -0.220699, -0.876074, -0.479006, 0.055214, 0.717954, 0.472764, -0.875836, -0.096984, 0.518532, 0.0, 0.0, 0.0, 1.0],
                [0.09482, -0.062569, 0.993526, -0.221934, -0.970379, -0.228577, 0.078216, 0.726632, 0.222203, -0.971513, -0.082389, 0.355032, 0.0, 0.0, 0.0, 1.0],
                [0.083456, -0.068063, 0.994184, -0.229229, -0.995529, -0.049983, 0.080147, 0.708431, 0.044237, -0.996428, -0.07193, 0.228916, 0.0, 0.0, 0.0, 1.0],
                [0.056678, -0.07409, 0.99564, -0.242938, -0.996914, 0.05006, 0.060476, 0.657957, -0.054322, -0.995994, -0.071024, 0.141853, 0.0, 0.0, 0.0, 1.0],
                [0.025475, -0.078922, 0.996555, -0.258055, -0.995088, 0.093392, 0.032834, 0.581406, -0.095662, -0.992496, -0.076155, 0.092912, 0.0, 0.0, 0.0, 1.0],
                [0.000914, -0.080888, 0.996723, -0.269571, -0.994574, 0.103613, 0.009321, 0.48497, -0.104027, -0.991323, -0.080355, 0.081164, 0.0, 0.0, 0.0, 1.0],
                [-0.009322, -0.075918, 0.99707, -0.277845, -0.998023, 0.062685, -0.004557, 0.384787, -0.062156, -0.995141, -0.076353, 0.116264, 0.0, 0.0, 0.0, 1.0],
                [-0.010784, -0.07095, 0.997422, -0.286407, -0.999784, 0.018513, -0.009493, 0.33676, -0.017791, -0.997308, -0.071134, 0.250219, 0.0, 0.0, 0.0, 1.0],
                [-0.010784, -0.070949, 0.997422, -0.294988, -0.999845, 0.014639, -0.009769, 0.336762, -0.013908, -0.997372, -0.071096, 0.455331, 0.0, 0.0, 0.0, 1.0],
                [-0.010784, -0.070949, 0.997422, -0.303294, -0.999875, 0.012289, -0.009936, 0.336777, -0.011552, -0.997404, -0.071073, 0.658009, 0.0, 0.0, 0.0, 1.0],
                [-0.010784, -0.070949, 0.997422, -0.311038, -0.999888, 0.011082, -0.010022, 0.336817, -0.010342, -0.997418, -0.071061, 0.852076, 0.0, 0.0, 0.0, 1.0],
                [-0.010784, -0.07095, 0.997422, -0.317933, -0.999893, 0.010637, -0.010054, 0.336894, -0.009896, -0.997423, -0.071057, 1.03167, 0.0, 0.0, 0.0, 1.0],
                [-0.010784, -0.070949, 0.997422, -0.32369, -0.999893, 0.010574, -0.010059, 0.337022, -0.009833, -0.997424, -0.071056, 1.191007, 0.0, 0.0, 0.0, 1.0],
                [-0.010784, -0.070949, 0.997422, -0.328024, -0.999894, 0.01051, -0.010063, 0.337212, -0.009769, -0.997424, -0.071055, 1.324302, 0.0, 0.0, 0.0, 1.0],
                [-0.010784, -0.070949, 0.997422, -0.330645, -0.999898, 0.010066, -0.010095, 0.337477, -0.009323, -0.997429, -0.07105, 1.425768, 0.0, 0.0, 0.0, 1.0],
                [-0.010784, -0.070949, 0.997422, -0.331971, -0.999909, 0.008859, -0.010181, 0.337831, -0.008114, -0.99744, -0.071038, 1.493046, 0.0, 0.0, 0.0, 1.0],
                [-0.010784, -0.070949, 0.997422, -0.33272, -0.999925, 0.006509, -0.010348, 0.338285, -0.005758, -0.997458, -0.071014, 1.535125, 0.0, 0.0, 0.0, 1.0],
                [-0.010784, -0.07095, 0.997422, -0.333057, -0.99994, 0.002634, -0.010624, 0.338851, -0.001874, -0.997476, -0.070974, 1.576467, 0.0, 0.0, 0.0, 1.0],
                [-0.006419, -0.070186, 0.997513, -0.332548, -0.959578, -0.280249, -0.025893, 0.369831, 0.281369, -0.957358, -0.06555, 1.568906, 0.0, 0.0, 0.0, 1.0],
                [0.00516, -0.068152, 0.997662, -0.33093, -0.722313, -0.690202, -0.043413, 0.442906, 0.691547, -0.7204, -0.052789, 1.514477, 0.0, 0.0, 0.0, 1.0],
                [0.021561, -0.065263, 0.997635, -0.328628, -0.541136, -0.839823, -0.043244, 0.532062, 0.840659, -0.538923, -0.053424, 1.475038, 0.0, 0.0, 0.0, 1.0],
                [0.040357, -0.061944, 0.997263, -0.326103, -0.48993, -0.871088, -0.03428, 0.618911, 0.870827, -0.487206, -0.065503, 1.471086, 0.0, 0.0, 0.0, 1.0],
                [0.059136, -0.058603, 0.996528, -0.323807, -0.452227, -0.891535, -0.025593, 0.690068, 0.88994, -0.449144, -0.079224, 1.515434, 0.0, 0.0, 0.0, 1.0],
                [0.075501, -0.055673, 0.99559, -0.32213, -0.409989, -0.911873, -0.0199, 0.744565, 0.90896, -0.406678, -0.091673, 1.627876, 0.0, 0.0, 0.0, 1.0],
                [0.087359, -0.053591, 0.994734, -0.331982, -0.375308, -0.926745, -0.016968, 0.784534, 0.922774, -0.37185, -0.101073, 1.810069, 0.0, 0.0, 0.0, 1.0],
                [0.092703, -0.052795, 0.994293, -0.358627, -0.36089, -0.932473, -0.015865, 0.812107, 0.927989, -0.357359, -0.105496, 2.026961, 0.0, 0.0, 0.0, 1.0],
                [0.093788, -0.05287, 0.994187, -0.393897, -0.362577, -0.931827, -0.01535, 0.828933, 0.927223, -0.359029, -0.106564, 2.236383, 0.0, 0.0, 0.0, 1.0],
                [0.094337, -0.053092, 0.994124, -0.429333, -0.366507, -0.930296, -0.014903, 0.834716, 0.92562, -0.362947, -0.10722, 2.409138, 0.0, 0.0, 0.0, 1.0],
                [0.094541, -0.053433, 0.994086, -0.456445, -0.370846, -0.928579, -0.014643, 0.80915, 0.923869, -0.367269, -0.107604, 2.518709, 0.0, 0.0, 0.0, 1.0],
                [0.094589, -0.053869, 0.994058, -0.466886, -0.373771, -0.927405, -0.01469, 0.752904, 0.922685, -0.370161, -0.107857, 2.536353, 0.0, 0.0, 0.0, 1.0],
                [0.094639, -0.054372, 0.994026, -0.465321, -0.378001, -0.925689, -0.014645, 0.696659, 0.920955, -0.374357, -0.108159, 2.45746, 0.0, 0.0, 0.0, 1.0],
                [0.094706, -0.054915, 0.993989, -0.462237, -0.404214, -0.914585, -0.012015, 0.671093, 0.909748, -0.400647, -0.108814, 2.306214, 0.0, 0.0, 0.0, 1.0],
                [0.094763, -0.055553, 0.993949, -0.458023, -0.519686, -0.854355, 0.001796, 0.679771, 0.849086, -0.516711, -0.109831, 2.097443, 0.0, 0.0, 0.0, 1.0],
                [0.094798, -0.056697, 0.993881, -0.453055, -0.710804, -0.702845, 0.027703, 0.698862, 0.696973, -0.70908, -0.106929, 1.849833, 0.0, 0.0, 0.0, 1.0],
                [0.094818, -0.05886, 0.993753, -0.447729, -0.88011, -0.47145, 0.056051, 0.717954, 0.465205, -0.879926, -0.096505, 1.583027, 0.0, 0.0, 0.0, 1.0],
                [0.09482, -0.062568, 0.993526, -0.44244, -0.970379, -0.228577, 0.078216, 0.726632, 0.222203, -0.971513, -0.082389, 1.316675, 0.0, 0.0, 0.0, 1.0],
                [0.083456, -0.068064, 0.994184, -0.441424, -0.995359, -0.053659, 0.079881, 0.708431, 0.047909, -0.996237, -0.072226, 1.0678, 0.0, 0.0, 0.0, 1.0],
                [0.056678, -0.074091, 0.99564, -0.445872, -0.997086, 0.046794, 0.060243, 0.657957, -0.051053, -0.996153, -0.071222, 0.842963, 0.0, 0.0, 0.0, 1.0],
                [0.025475, -0.078922, 0.996555, -0.451611, -0.995205, 0.092172, 0.03274, 0.581406, -0.094438, -0.99261, -0.076196, 0.646105, 0.0, 0.0, 0.0, 1.0],
                [0.000914, -0.080888, 0.996723, -0.454467, -0.994574, 0.103613, 0.009321, 0.48497, -0.104027, -0.991323, -0.080355, 0.481166, 0.0, 0.0, 0.0, 1.0],
                [-0.009322, -0.075919, 0.99707, -0.454958, -0.998005, 0.06297, -0.004536, 0.384787, -0.062442, -0.995123, -0.076355, 0.362642, 0.0, 0.0, 0.0, 1.0],
                [-0.010784, -0.07095, 0.997422, -0.456332, -0.999784, 0.018513, -0.009493, 0.33676, -0.017791, -0.997308, -0.071134, 0.347251, 0.0, 0.0, 0.0, 1.0],
                [-0.010784, -0.07095, 0.997422, -0.458495, -0.999854, 0.01396, -0.009817, 0.336776, -0.013227, -0.997382, -0.07109, 0.41197, 0.0, 0.0, 0.0, 1.0],
                [-0.010784, -0.070949, 0.997422, -0.461328, -0.999883, 0.011622, -0.009984, 0.336812, -0.010883, -0.997412, -0.071066, 0.487865, 0.0, 0.0, 0.0, 1.0],
                [-0.010784, -0.070949, 0.997422, -0.464722, -0.999892, 0.01076, -0.010045, 0.336856, -0.01002, -0.997422, -0.071057, 0.583172, 0.0, 0.0, 0.0, 1.0],
                [-0.010784, -0.07095, 0.997422, -0.468562, -0.999893, 0.010637, -0.010054, 0.336894, -0.009896, -0.997423, -0.071057, 0.687028, 0.0, 0.0, 0.0, 1.0],
                [-0.010784, -0.070949, 0.997422, -0.472739, -0.999893, 0.0106, -0.010057, 0.336924, -0.009859, -0.997423, -0.071056, 0.786396, 0.0, 0.0, 0.0, 1.0],
                [-0.010784, -0.070949, 0.997422, -0.477139, -0.999896, 0.010341, -0.010075, 0.336993, -0.009599, -0.997426, -0.071053, 0.888847, 0.0, 0.0, 0.0, 1.0],
                [-0.010784, -0.070949, 0.997422, -0.481651, -0.999902, 0.009637, -0.010125, 0.337161, -0.008894, -0.997433, -0.071046, 0.995066, 0.0, 0.0, 0.0, 1.0],
                [-0.010784, -0.07095, 0.997422, -0.486162, -0.999914, 0.008266, -0.010223, 0.337487, -0.007519, -0.997445, -0.071033, 1.105742, 0.0, 0.0, 0.0, 1.0],
                [-0.010784, -0.07095, 0.997422, -0.490562, -0.999928, 0.006006, -0.010384, 0.338031, -0.005254, -0.997462, -0.07101, 1.222914, 0.0, 0.0, 0.0, 1.0],
                [-0.010784, -0.07095, 0.997422, -0.494738, -0.99994, 0.002634, -0.010624, 0.338851, -0.001874, -0.997476, -0.070974, 1.349188, 0.0, 0.0, 0.0, 1.0],
                [-0.006177, -0.070144, 0.997518, -0.497932, -0.959441, -0.280737, -0.025682, 0.370724, 0.281842, -0.957218, -0.065565, 1.420576, 0.0, 0.0, 0.0, 1.0],
                [0.00516, -0.068152, 0.997662, -0.499749, -0.722313, -0.690202, -0.043413, 0.442906, 0.691547, -0.7204, -0.052789, 1.423087, 0.0, 0.0, 0.0, 1.0],
                [0.020349, -0.065475, 0.997647, -0.500434, -0.544179, -0.83782, -0.043886, 0.528124, 0.838722, -0.542005, -0.052679, 1.402612, 0.0, 0.0, 0.0, 1.0],
                [0.040358, -0.061944, 0.997263, -0.499492, -0.48993, -0.871087, -0.03428, 0.618911, 0.870827, -0.487206, -0.065503, 1.364453, 0.0, 0.0, 0.0, 1.0],
                [0.063759, -0.057789, 0.996291, -0.496905, -0.439656, -0.897847, -0.023942, 0.70493, 0.8959, -0.436499, -0.082653, 1.306208, 0.0, 0.0, 0.0, 1.0],
                [0.075619, -0.055673, 0.995581, -0.495309, -0.410017, -0.911862, -0.019848, 0.744584, 0.908938, -0.406704, -0.091781, 1.235243, 0.0, 0.0, 0.0, 1.0],
                [0.072905, -0.055693, 0.995783, -0.495456, -0.445474, -0.895125, -0.017448, 0.730569, 0.892321, -0.442323, -0.090068, 1.160448, 0.0, 0.0, 0.0, 1.0],
                [0.065628, -0.055742, 0.996286, -0.495794, -0.537016, -0.843489, -0.011818, 0.693009, 0.841016, -0.534245, -0.085291, 1.087029, 0.0, 0.0, 0.0, 1.0],
                [0.05509, -0.055805, 0.996921, -0.496168, -0.658858, -0.752245, -0.0057, 0.638631, 0.750247, -0.656515, -0.078209, 1.019269, 0.0, 0.0, 0.0, 1.0],
                [0.042594, -0.055866, 0.997529, -0.496421, -0.783403, -0.621512, -0.001357, 0.574162, 0.620053, -0.78141, -0.070238, 0.961455, 0.0, 0.0, 0.0, 1.0],
                [0.029444, -0.055917, 0.998001, -0.496399, -0.886856, -0.462046, 0.000277, 0.506329, 0.461107, -0.885091, -0.063195, 0.917871, 0.0, 0.0, 0.0, 1.0],
                [0.016948, -0.055952, 0.99829, -0.495945, -0.955544, -0.294848, -0.000303, 0.44186, 0.294361, -0.953904, -0.058462, 0.892797, 0.0, 0.0, 0.0, 1.0],
                [0.006412, -0.055973, 0.998412, -0.494904, -0.989272, -0.14607, -0.001836, 0.387482, 0.145941, -0.987689, -0.05631, 0.890523, 0.0, 0.0, 0.0, 1.0],
                [-0.000863, -0.055984, 0.998431, -0.493121, -0.99915, -0.041101, -0.003168, 0.349922, 0.041214, -0.997585, -0.055901, 0.915333, 0.0, 0.0, 0.0, 1.0],
                [-0.003577, -0.055987, 0.998425, -0.490441, -0.999992, -0.001753, -0.003681, 0.335907, 0.001956, -0.99843, -0.055981, 0.971509, 0.0, 0.0, 0.0, 1.0],
                [-0.003577, -0.055987, 0.998425, -0.487104, -0.999992, -0.001753, -0.003681, 0.335907, 0.001956, -0.99843, -0.055981, 1.042782, 0.0, 0.0, 0.0, 1.0],
                [-0.003577, -0.055987, 0.998425, -0.483464, -0.999992, -0.001753, -0.003681, 0.335907, 0.001956, -0.99843, -0.055981, 1.110089, 0.0, 0.0, 0.0, 1.0],
                [-0.003577, -0.055987, 0.998425, -0.47953, -0.999992, -0.001753, -0.003681, 0.335907, 0.001956, -0.99843, -0.055981, 1.173524, 0.0, 0.0, 0.0, 1.0],
                [-0.003577, -0.055987, 0.998425, -0.47531, -0.999992, -0.001753, -0.003681, 0.335907, 0.001956, -0.99843, -0.055981, 1.233183, 0.0, 0.0, 0.0, 1.0],
                [-0.003577, -0.055987, 0.998425, -0.470814, -0.999992, -0.001753, -0.003681, 0.335907, 0.001956, -0.99843, -0.055981, 1.289159, 0.0, 0.0, 0.0, 1.0],
                [-0.003577, -0.055987, 0.998425, -0.46605, -0.999992, -0.001753, -0.003681, 0.335907, 0.001956, -0.99843, -0.055981, 1.341548, 0.0, 0.0, 0.0, 1.0],
                [-0.003577, -0.055987, 0.998425, -0.461029, -0.999992, -0.001753, -0.003681, 0.335907, 0.001956, -0.99843, -0.055981, 1.390443, 0.0, 0.0, 0.0, 1.0],
                [-0.003577, -0.055987, 0.998425, -0.455758, -0.999992, -0.001753, -0.003681, 0.335907, 0.001956, -0.99843, -0.055981, 1.435941, 0.0, 0.0, 0.0, 1.0],
                [-0.003577, -0.055987, 0.998425, -0.450247, -0.999992, -0.001753, -0.003681, 0.335907, 0.001956, -0.99843, -0.055981, 1.478135, 0.0, 0.0, 0.0, 1.0],
                [-0.003577, -0.055987, 0.998425, -0.444506, -0.999992, -0.001753, -0.003681, 0.335907, 0.001956, -0.99843, -0.055981, 1.517118, 0.0, 0.0, 0.0, 1.0],
                [-0.003577, -0.055987, 0.998425, -0.438542, -0.999992, -0.001753, -0.003681, 0.335907, 0.001956, -0.99843, -0.055981, 1.552989, 0.0, 0.0, 0.0, 1.0],
                [-0.003577, -0.055987, 0.998425, -0.432366, -0.999992, -0.001753, -0.003681, 0.335907, 0.001956, -0.99843, -0.055981, 1.585848, 0.0, 0.0, 0.0, 1.0],
                [-0.003577, -0.055987, 0.998425, -0.425985, -0.999992, -0.001753, -0.003681, 0.335907, 0.001956, -0.99843, -0.055981, 1.615833, 0.0, 0.0, 0.0, 1.0],
                [-0.003577, -0.055987, 0.998425, -0.419411, -0.999992, -0.001753, -0.003681, 0.335907, 0.001956, -0.99843, -0.055981, 1.643089, 0.0, 0.0, 0.0, 1.0],
                [-0.003577, -0.055987, 0.998425, -0.412651, -0.999992, -0.001753, -0.003681, 0.335907, 0.001956, -0.99843, -0.055981, 1.667763, 0.0, 0.0, 0.0, 1.0],
                [-0.003577, -0.055987, 0.998425, -0.405714, -0.999992, -0.001753, -0.003681, 0.335907, 0.001956, -0.99843, -0.055981, 1.689999, 0.0, 0.0, 0.0, 1.0],
                [-0.003577, -0.055987, 0.998425, -0.39861, -0.999992, -0.001753, -0.003681, 0.335907, 0.001956, -0.99843, -0.055981, 1.709941, 0.0, 0.0, 0.0, 1.0],
                [-0.003577, -0.055987, 0.998425, -0.391347, -0.999992, -0.001753, -0.003681, 0.335907, 0.001956, -0.99843, -0.055981, 1.727736, 0.0, 0.0, 0.0, 1.0],
                [-0.003577, -0.055987, 0.998425, -0.383936, -0.999992, -0.001753, -0.003681, 0.335907, 0.001956, -0.99843, -0.055981, 1.743531, 0.0, 0.0, 0.0, 1.0],
