{
    "animation": [
        {
            "name": "Root",
            "time": [0.0, 0.0167, 0.0333, 0.05, 0.0667, 0.0833, 0.1, 0.1167, 0.1333, 0.15, 0.1667, 0.1833, 0.2, 0.2167, 0.2333, 0.25, 0.2667, 0.2833, 0.3, 0.3167, 0.3333, 0.35, 0.3667, 0.3833, 0.4, 0.4167, 0.4333, 0.45, 0.4667, 0.4833, 0.5, 0.5167, 0.5333, 0.55, 0.5667, 0.5833, 0.6, 0.6167, 0.6333, 0.65, 0.6667, 0.6833, 0.7, 0.7167, 0.7333, 0.75, 0.7667, 0.7833, 0.8, 0.8167, 0.8333, 0.85, 0.8667, 0.8833, 0.9, 0.9167, 0.9333, 0.95, 0.9667, 0.9833, 1.0, 1.0167, 1.0333, 1.05, 1.0667, 1.0833, 1.1, 1.1167, 1.1333, 1.15, 1.1667, 1.1833, 1.2, 1.2167, 1.2333, 1.25, 1.2667, 1.2833, 1.3, 1.3167, 1.3333, 1.35, 1.3667, 1.3833, 1.4, 1.4167, 1.4333, 1.45, 1.4667, 1.4833, 1.5, 1.5167, 1.5333, 1.55, 1.5667, 1.5833, 1.6, 1.6167, 1.6333, 1.65, 1.6667, 1.6833, 1.7, 1.7167, 1.7333, 1.75, 1.7667, 1.7833, 1.8, 1.8167, 1.8333, 1.85, 1.8667, 1.8833, 1.9, 1.9167, 1.9333, 1.95, 1.9667, 1.9833, 2.0, 2.0167, 2.0333, 2.05, 2.0667, 2.0833, 2.1, 2.1167, 2.1333, 2.15, 2.1667, 2.1833, 2.2, 2.2167, 2.2333, 2.25, 2.2667, 2.2833, 2.3, 2.3167, 2.3333, 2.35, 2.3667, 2.3833, 2.4, 2.4167, 2.4333, 2.45, 2.4667, 2.4833, 2.5, 2.5167, 2.5333, 2.55, 2.5667, 2.5833, 2.6, 2.6167, 2.6333, 2.65, 2.6667, 2.6833, 2.7, 2.7167, 2.7333, 2.75, 2.7667, 2.7833, 2.8, 2.8167, 2.8333, 2.85, 2.8667, 2.8833, 2.9, 2.9167, 2.9333, 2.95, 2.9667, 2.9833, 3.0],
            "transform": [
                [1.0, 0.0, 0.0, 0.0, 0.0, 0.0, -1.0, 0.0, 0.0, 1.0, 0.0, 0.0, 0.0, 0.0, 0.0, 1.0],
                [1.0, 0.0, 0.0, 4e-05, 0.0, 0.0, -1.0, 0.006629, 0.0, 1.0, 0.0, 0.0, 0.0, 0.0, 0.0, 1.0],
                [1.0, 0.0, 0.0, 0.000152, 0.0, 0.0, -1.0, 0.024476, 0.0, 1.0, 0.0, 0.0, 0.0, 0.0, 0.0, 1.0],
                [1.0, 0.0, 0.0, 0.000325, 0.0, 0.0, -1.0, 0.050483, 0.0, 1.0, 0.0, 0.0, 0.0, 0.0, 0.0, 1.0],
                [1.0, 0.0, 0.0, 0.000549, 0.0, 0.0, -1.0, 0.081594, 0.0, 1.0, 0.0, 0.0, 0.0, 0.0, 0.0, 1.0],
                [1.0, 0.0, 0.0, 0.000811, 0.0, 0.0, -1.0, 0.11475, 0.0, 1.0, 0.0, 0.0, 0.0, 0.0, 0.0, 1.0],
                [1.0, 0.0, 0.0, 0.001101, 0.0, 0.0, -1.0, 0.146894, 0.0, 1.0, 0.0, 0.0, 0.0, 0.0, 0.0, 1.0],
                [1.0, 0.0, 0.0, 0.001408, 0.0, 0.0, -1.0, 0.174968, 0.0, 1.0, 0.0, 0.0, 0.0, 0.0, 0.0, 1.0],
                [1.0, 0.0, 0.0, 0.001721, 0.0, 0.0, -1.0, 0.196684, 0.0, 1.0, 0.0, 0.0, 0.0, 0.0, 0.0, 1.0],
                [1.0, 0.0, 0.0, 0.002028, 0.0, 0.0, -1.0, 0.212839, 0.0, 1.0, 0.0, 0.0, 0.0, 0.0, 0.0, 1.0],
                [1.0, 0.0, 0.0, 0.002318, 0.0, 0.0, -1.0, 0.225, 0.0, 1.0, 0.0, 0.0, 0.0, 0.0, 0.0, 1.0],
                [1.0, 0.0, 0.0, 0.00258, 0.0, 0.0, -1.0, 0.234733, 0.0, 1.0, 0.0, 0.0, 0.0, 0.0, 0.0, 1.0],
                [1.0, 0.0, 0.0, 0.002804, 0.0, 0.0, -1.0, 0.243605, 0.0, 1.0, 0.0, 0.0, 0.0, 0.0, 0.0, 1.0],
                [1.0, 0.0, 0.0, 0.002977, 0.0, 0.0, -1.0, 0.253184, 0.0, 1.0, 0.0, 0.0, 0.0, 0.0, 0.0, 1.0],
                [1.0, 0.0, 0.0, 0.003089, 0.0, 0.0, -1.0, 0.265035, 0.0, 1.0, 0.0, 0.0, 0.0, 0.0, 0.0, 1.0],
                [1.0, 0.0, 0.0, 0.003129, 0.0, 0.0, -1.0, 0.280726, 0.0, 1.0, 0.0, 0.0, 0.0, 0.0, 0.0, 1.0],
                [1.0, 0.0, 0.0, 0.002848, 0.0, 0.0, -1.0, 0.300787, 0.0, 1.0, 0.0, 0.0, 0.0, 0.0, 0.0, 1.0],
                [1.0, 0.0, 0.0, 0.002043, 0.0, 0.0, -1.0, 0.324182, 0.0, 1.0, 0.0, 0.0, 0.0, 0.0, 0.0, 1.0],
                [1.0, 0.0, 0.0, 0.000768, 0.0, 0.0, -1.0, 0.350129, 0.0, 1.0, 0.0, 0.0, 0.0, 0.0, 0.0, 1.0],
                [1.0, 0.0, 0.0, -0.000921, 0.0, 0.0, -1.0, 0.377842, 0.0, 1.0, 0.0, 0.0, 0.0, 0.0, 0.0, 1.0],
                [1.0, 0.0, 0.0, -0.002969, 0.0, 0.0, -1.0, 0.406539, 0.0, 1.0, 0.0, 0.0, 0.0, 0.0, 0.0, 1.0],
                [1.0, 0.0, 0.0, -0.005321, 0.0, 0.0, -1.0, 0.435435, 0.0, 1.0, 0.0, 0.0, 0.0, 0.0, 0.0, 1.0],
                [1.0, 0.0, 0.0, -0.007922, 0.0, 0.0, -1.0, 0.463748, 0.0, 1.0, 0.0, 0.0, 0.0, 0.0, 0.0, 1.0],
                [1.0, 0.0, 0.0, -0.010715, 0.0, 0.0, -1.0, 0.490692, 0.0, 1.0, 0.0, 0.0, 0.0, 0.0, 0.0, 1.0],
                [1.0, 0.0, 0.0, -0.013647, 0.0, 0.0, -1.0, 0.515486, 0.0, 1.0, 0.0, 0.0, 0.0, 0.0, 0.0, 1.0],
                [1.0, 0.0, 0.0, -0.016662, 0.0, 0.0, -1.0, 0.537345, 0.0, 1.0, 0.0, 0.0, 0.0, 0.0, 0.0, 1.0],
                [1.0, 0.0, 0.0, -0.019704, 0.0, 0.0, -1.0, 0.556845, 0.0, 1.0, 0.0, 0.0, 0.0, 0.0, 0.0, 1.0],
                [1.0, 0.0, 0.0, -0.022719, 0.0, 0.0, -1.0, 0.575159, 0.0, 1.0, 0.0, 0.0, 0.0, 0.0, 0.0, 1.0],
                [1.0, 0.0, 0.0, -0.02565, 0.0, 0.0, -1.0, 0.592398, 0.0, 1.0, 0.0, 0.0, 0.0, 0.0, 0.0, 1.0],
                [1.0, 0.0, 0.0, -0.028444, 0.0, 0.0, -1.0, 0.608674, 0.0, 1.0, 0.0, 0.0, 0.0, 0.0, 0.0, 1.0],
                [1.0, 0.0, 0.0, -0.031044, 0.0, 0.0, -1.0, 0.624099, 0.0, 1.0, 0.0, 0.0, 0.0, 0.0, 0.0, 1.0],
                [1.0, 0.0, 0.0, -0.033396, 0.0, 0.0, -1.0, 0.638783, 0.0, 1.0, 0.0, 0.0, 0.0, 0.0, 0.0, 1.0],
                [1.0, 0.0, 0.0, -0.035444, 0.0, 0.0, -1.0, 0.652839, 0.0, 1.0, 0.0, 0.0, 0.0, 0.0, 0.0, 1.0],
                [1.0, 0.0, 0.0, -0.037134, 0.0, 0.0, -1.0, 0.666377, 0.0, 1.0, 0.0, 0.0, 0.0, 0.0, 0.0, 1.0],
                [1.0, 0.0, 0.0, -0.038409, 0.0, 0.0, -1.0, 0.679509, 0.0, 1.0, 0.0, 0.0, 0.0, 0.0, 0.0, 1.0],
                [1.0, 0.0, 0.0, -0.039214, 0.0, 0.0, -1.0, 0.692347, 0.0, 1.0, 0.0, 0.0, 0.0, 0.0, 0.0, 1.0],
                [1.0, 0.0, 0.0, -0.039495, 0.0, 0.0, -1.0, 0.705002, 0.0, 1.0, 0.0, 0.0, 0.0, 0.0, 0.0, 1.0],
                [1.0, 0.0, 0.0, -0.039495, 0.0, 0.0, -1.0, 0.717757, 0.0, 1.0, 0.0, 0.0, 0.0, 0.0, 0.0, 1.0],
                [1.0, 0.0, 0.0, -0.039495, 0.0, 0.0, -1.0, 0.731583, 0.0, 1.0, 0.0, 0.0, 0.0, 0.0, 0.0, 1.0],
                [1.0, 0.0, 0.0, -0.039495, 0.0, 0.0, -1.0, 0.747624, 0.0, 1.0, 0.0, 0.0, 0.0, 0.0, 0.0, 1.0],
                [1.0, 0.0, 0.0, -0.039495, 0.0, 0.0, -1.0, 0.767022, 0.0, 1.0, 0.0, 0.0, 0.0, 0.0, 0.0, 1.0],
                [1.0, 0.0, 0.0, -0.039495, 0.0, 0.0, -1.0, 0.79092, 0.0, 1.0, 0.0, 0.0, 0.0, 0.0, 0.0, 1.0],
                [1.0, 0.0, 0.0, -0.039495, 0.0, 0.0, -1.0, 0.820463, 0.0, 1.0, 0.0, 0.0, 0.0, 0.0, 0.0, 1.0],
                [1.0, 0.0, 0.0, -0.039495, 0.0, 0.0, -1.0, 0.856791, 0.0, 1.0, 0.0, 0.0, 0.0, 0.0, 0.0, 1.0],
                [1.0, 0.0, 0.0, -0.039495, 0.0, 0.0, -1.0, 0.90105, 0.0, 1.0, 0.0, 0.0, 0.0, 0.0, 0.0, 1.0],
                [1.0, 0.0, 0.0, -0.039495, 0.0, 0.0, -1.0, 0.954381, 0.0, 1.0, 0.0, 0.0, 0.0, 0.0, 0.0, 1.0],
                [1.0, 0.0, 0.0, -0.039495, 0.0, 0.0, -1.0, 1.017928, 0.0, 1.0, 0.0, 0.0, 0.0, 0.0, 0.0, 1.0],
                [1.0, 0.0, 0.0, -0.039495, 0.0, 0.0, -1.0, 1.092834, 0.0, 1.0, 0.0, 0.0, 0.0, 0.0, 0.0, 1.0],
                [1.0, 0.0, 0.0, -0.039495, 0.0, 0.0, -1.0, 1.180241, 0.0, 1.0, 0.0, 0.0, 0.0, 0.0, 0.0, 1.0],
                [1.0, 0.0, 0.0, -0.039481, 0.0, 0.0, -1.0, 1.280944, 0.0, 1.0, 0.0, 0.0, 0.0, 0.0, 0.0, 1.0],
                [1.0, 0.0, 0.0, -0.039438, 0.0, 0.0, -1.0, 1.392296, 0.0, 1.0, 0.0, 0.0, 0.0, 0.0, 0.0, 1.0],
                [1.0, 0.0, 0.0, -0.039363, 0.0, 0.0, -1.0, 1.51028, 0.0, 1.0, 0.0, 0.0, 0.0, 0.0, 0.0, 1.0],
                [1.0, 0.0, 0.0, -0.039255, 0.0, 0.0, -1.0, 1.63088, 0.0, 1.0, 0.0, 0.0, 0.0, 0.0, 0.0, 1.0],
                [1.0, 0.0, 0.0, -0.03911, 0.0, 0.0, -1.0, 1.75008, 0.0, 1.0, 0.0, 0.0, 0.0, 0.0, 0.0, 1.0],
                [1.0, 0.0, 0.0, -0.038928, 0.0, 0.0, -1.0, 1.863862, 0.0, 1.0, 0.0, 0.0, 0.0, 0.0, 0.0, 1.0],
                [1.0, 0.0, 0.0, -0.038705, 0.0, 0.0, -1.0, 1.968211, 0.0, 1.0, 0.0, 0.0, 0.0, 0.0, 0.0, 1.0],
                [1.0, 0.0, 0.0, -0.03844, 0.0, 0.0, -1.0, 2.059109, 0.0, 1.0, 0.0, 0.0, 0.0, 0.0, 0.0, 1.0],
                [1.0, 0.0, 0.0, -0.038133, 0.0, 0.0, -1.0, 2.124453, 0.0, 1.0, 0.0, 0.0, 0.0, 0.0, 0.0, 1.0],
                [1.0, 0.0, 0.0, -0.037801, 0.0, 0.0, -1.0, 2.159399, 0.0, 1.0, 0.0, 0.0, 0.0, 0.0, 0.0, 1.0],
                [1.0, 0.0, 0.0, -0.037461, 0.0, 0.0, -1.0, 2.170819, 0.0, 1.0, 0.0, 0.0, 0.0, 0.0, 0.0, 1.0],
                [1.0, 0.0, 0.0, -0.037131, 0.0, 0.0, -1.0, 2.165585, 0.0, 1.0, 0.0, 0.0, 0.0, 0.0, 0.0, 1.0],
                [1.0, 0.0, 0.0, -0.036831, 0.0, 0.0, -1.0, 2.150571, 0.0, 1.0, 0.0, 0.0, 0.0, 0.0, 0.0, 1.0],
                [1.0, 0.0, 0.0, -0.036571, 0.0, 0.0, -1.0, 2.134898, 0.0, 1.0, 0.0, 0.0, 0.0, 0.0, 0.0, 1.0],
                [1.0, 0.0, 0.0, -0.036327, 0.0, 0.0, -1.0, 2.122787, 0.0, 1.0, 0.0, 0.0, 0.0, 0.0, 0.0, 1.0],
                [1.0, 0.0, 0.0, -0.03607, 0.0, 0.0, -1.0, 2.113762, 0.0, 1.0, 0.0, 0.0, 0.0, 0.0, 0.0, 1.0],
                [1.0, 0.0, 0.0, -0.035767, 0.0, 0.0, -1.0, 2.107347, 0.0, 1.0, 0.0, 0.0, 0.0, 0.0, 0.0, 1.0],
                [1.0, 0.0, 0.0, -0.035388, 0.0, 0.0, -1.0, 2.103064, 0.0, 1.0, 0.0, 0.0, 0.0, 0.0, 0.0, 1.0],
                [1.0, 0.0, 0.0, -0.034902, 0.0, 0.0, -1.0, 2.100438, 0.0, 1.0, 0.0, 0.0, 0.0, 0.0, 0.0, 1.0],
                [1.0, 0.0, 0.0, -0.034278, 0.0, 0.0, -1.0, 2.098991, 0.0, 1.0, 0.0, 0.0, 0.0, 0.0, 0.0, 1.0],
                [1.0, 0.0, 0.0, -0.033485, 0.0, 0.0, -1.0, 2.098248, 0.0, 1.0, 0.0, 0.0, 0.0, 0.0, 0.0, 1.0],
                [1.0, 0.0, 0.0, -0.032492, 0.0, 0.0, -1.0, 2.097731, 0.0, 1.0, 0.0, 0.0, 0.0, 0.0, 0.0, 1.0],
                [1.0, 0.0, 0.0, -0.031275, 0.0, 0.0, -1.0, 2.096872, 0.0, 1.0, 0.0, 0.0, 0.0, 0.0, 0.0, 1.0],
                [1.0, 0.0, 0.0, -0.029844, 0.0, 0.0, -1.0, 2.095448, 0.0, 1.0, 0.0, 0.0, 0.0, 0.0, 0.0, 1.0],
                [1.0, 0.0, 0.0, -0.028214, 0.0, 0.0, -1.0, 2.093501, 0.0, 1.0, 0.0, 0.0, 0.0, 0.0, 0.0, 1.0],
                [1.0, 0.0, 0.0, -0.026401, 0.0, 0.0, -1.0, 2.091076, 0.0, 1.0, 0.0, 0.0, 0.0, 0.0, 0.0, 1.0],
                [1.0, 0.0, 0.0, -0.024421, 0.0, 0.0, -1.0, 2.088216, 0.0, 1.0, 0.0, 0.0, 0.0, 0.0, 0.0, 1.0],
                [1.0, 0.0, 0.0, -0.022291, 0.0, 0.0, -1.0, 2.084965, 0.0, 1.0, 0.0, 0.0, 0.0, 0.0, 0.0, 1.0],
                [1.0, 0.0, 0.0, -0.020026, 0.0, 0.0, -1.0, 2.081366, 0.0, 1.0, 0.0, 0.0, 0.0, 0.0, 0.0, 1.0],
                [1.0, 0.0, 0.0, -0.017643, 0.0, 0.0, -1.0, 2.077461, 0.0, 1.0, 0.0, 0.0, 0.0, 0.0, 0.0, 1.0],
                [1.0, 0.0, 0.0, -0.015158, 0.0, 0.0, -1.0, 2.073297, 0.0, 1.0, 0.0, 0.0, 0.0, 0.0, 0.0, 1.0],
                [1.0, 0.0, 0.0, -0.012586, 0.0, 0.0, -1.0, 2.068914, 0.0, 1.0, 0.0, 0.0, 0.0, 0.0, 0.0, 1.0],
                [1.0, 0.0, 0.0, -0.009945, 0.0, 0.0, -1.0, 2.064358, 0.0, 1.0, 0.0, 0.0, 0.0, 0.0, 0.0, 1.0],
                [1.0, 0.0, 0.0, -0.007249, 0.0, 0.0, -1.0, 2.05967, 0.0, 1.0, 0.0, 0.0, 0.0, 0.0, 0.0, 1.0],
                [1.0, 0.0, 0.0, -0.004516, 0.0, 0.0, -1.0, 2.054896, 0.0, 1.0, 0.0, 0.0, 0.0, 0.0, 0.0, 1.0],
                [1.0, 0.0, 0.0, -0.001761, 0.0, 0.0, -1.0, 2.050078, 0.0, 1.0, 0.0, 0.0, 0.0, 0.0, 0.0, 1.0],
                [1.0, 0.0, 0.0, 0.001, 0.0, 0.0, -1.0, 2.04526, 0.0, 1.0, 0.0, 0.0, 0.0, 0.0, 0.0, 1.0],
                [1.0, 0.0, 0.0, 0.00375, 0.0, 0.0, -1.0, 2.040486, 0.0, 1.0, 0.0, 0.0, 0.0, 0.0, 0.0, 1.0],
                [1.0, 0.0, 0.0, 0.006474, 0.0, 0.0, -1.0, 2.035798, 0.0, 1.0, 0.0, 0.0, 0.0, 0.0, 0.0, 1.0],
                [1.0, 0.0, 0.0, 0.009155, 0.0, 0.0, -1.0, 2.03124, 0.0, 1.0, 0.0, 0.0, 0.0, 0.0, 0.0, 1.0],
                [1.0, 0.0, 0.0, 0.011778, 0.0, 0.0, -1.0, 2.026856, 0.0, 1.0, 0.0, 0.0, 0.0, 0.0, 0.0, 1.0],
                [1.0, 0.0, 0.0, 0.014325, 0.0, 0.0, -1.0, 2.02269, 0.0, 1.0, 0.0, 0.0, 0.0, 0.0, 0.0, 1.0],
                [1.0, 0.0, 0.0, 0.016782, 0.0, 0.0, -1.0, 2.018768, 0.0, 1.0, 0.0, 0.0, 0.0, 0.0, 0.0, 1.0],
                [1.0, 0.0, 0.0, 0.019131, 0.0, 0.0, -1.0, 2.015096, 0.0, 1.0, 0.0, 0.0, 0.0, 0.0, 0.0, 1.0],
                [1.0, 0.0, 0.0, 0.021357, 0.0, 0.0, -1.0, 2.01168, 0.0, 1.0, 0.0, 0.0, 0.0, 0.0, 0.0, 1.0],
                [1.0, 0.0, 0.0, 0.023444, 0.0, 0.0, -1.0, 2.008526, 0.0, 1.0, 0.0, 0.0, 0.0, 0.0, 0.0, 1.0],
                [1.0, 0.0, 0.0, 0.025376, 0.0, 0.0, -1.0, 2.00564, 0.0, 1.0, 0.0, 0.0, 0.0, 0.0, 0.0, 1.0],
                [1.0, 0.0, 0.0, 0.027136, 0.0, 0.0, -1.0, 2.003031, 0.0, 1.0, 0.0, 0.0, 0.0, 0.0, 0.0, 1.0],
                [1.0, 0.0, 0.0, 0.028709, 0.0, 0.0, -1.0, 2.000703, 0.0, 1.0, 0.0, 0.0, 0.0, 0.0, 0.0, 1.0],
                [1.0, 0.0, 0.0, 0.030078, 0.0, 0.0, -1.0, 1.998665, 0.0, 1.0, 0.0, 0.0, 0.0, 0.0, 0.0, 1.0],
                [1.0, 0.0, 0.0, 0.031227, 0.0, 0.0, -1.0, 1.996922, 0.0, 1.0, 0.0, 0.0, 0.0, 0.0, 0.0, 1.0],
                [1.0, 0.0, 0.0, 0.032141, 0.0, 0.0, -1.0, 1.995481, 0.0, 1.0, 0.0, 0.0, 0.0, 0.0, 0.0, 1.0],
                [1.0, 0.0, 0.0, 0.032815, 0.0, 0.0, -1.0, 1.994363, 0.0, 1.0, 0.0, 0.0, 0.0, 0.0, 0.0, 1.0],
                [1.0, 0.0, 0.0, 0.033295, 0.0, 0.0, -1.0, 1.993647, 0.0, 1.0, 0.0, 0.0, 0.0, 0.0, 0.0, 1.0],
                [1.0, 0.0, 0.0, 0.033642, 0.0, 0.0, -1.0, 1.993425, 0.0, 1.0, 0.0, 0.0, 0.0, 0.0, 0.0, 1.0],
                [1.0, 0.0, 0.0, 0.033914, 0.0, 0.0, -1.0, 1.993792, 0.0, 1.0, 0.0, 0.0, 0.0, 0.0, 0.0, 1.0],
                [1.0, 0.0, 0.0, 0.034169, 0.0, 0.0, -1.0, 1.994839, 0.0, 1.0, 0.0, 0.0, 0.0, 0.0, 0.0, 1.0],
                [1.0, 0.0, 0.0, 0.034466, 0.0, 0.0, -1.0, 1.996659, 0.0, 1.0, 0.0, 0.0, 0.0, 0.0, 0.0, 1.0],
                [1.0, 0.0, 0.0, 0.034853, 0.0, 0.0, -1.0, 1.999163, 0.0, 1.0, 0.0, 0.0, 0.0, 0.0, 0.0, 1.0],
                [1.0, 0.0, 0.0, 0.035326, 0.0, 0.0, -1.0, 2.002174, 0.0, 1.0, 0.0, 0.0, 0.0, 0.0, 0.0, 1.0],
                [1.0, 0.0, 0.0, 0.03587, 0.0, 0.0, -1.0, 2.005653, 0.0, 1.0, 0.0, 0.0, 0.0, 0.0, 0.0, 1.0],
                [1.0, 0.0, 0.0, 0.036469, 0.0, 0.0, -1.0, 2.009562, 0.0, 1.0, 0.0, 0.0, 0.0, 0.0, 0.0, 1.0],
                [1.0, 0.0, 0.0, 0.037108, 0.0, 0.0, -1.0, 2.013862, 0.0, 1.0, 0.0, 0.0, 0.0, 0.0, 0.0, 1.0],
                [1.0, 0.0, 0.0, 0.037772, 0.0, 0.0, -1.0, 2.018516, 0.0, 1.0, 0.0, 0.0, 0.0, 0.0, 0.0, 1.0],
                [1.0, 0.0, 0.0, 0.038445, 0.0, 0.0, -1.0, 2.023486, 0.0, 1.0, 0.0, 0.0, 0.0, 0.0, 0.0, 1.0],
                [1.0, 0.0, 0.0, 0.039113, 0.0, 0.0, -1.0, 2.028733, 0.0, 1.0, 0.0, 0.0, 0.0, 0.0, 0.0, 1.0],
                [1.0, 0.0, 0.0, 0.03976, 0.0, 0.0, -1.0, 2.03422, 0.0, 1.0, 0.0, 0.0, 0.0, 0.0, 0.0, 1.0],
                [1.0, 0.0, 0.0, 0.040369, 0.0, 0.0, -1.0, 2.039906, 0.0, 1.0, 0.0, 0.0, 0.0, 0.0, 0.0, 1.0],
                [1.0, 0.0, 0.0, 0.040928, 0.0, 0.0, -1.0, 2.045756, 0.0, 1.0, 0.0, 0.0, 0.0, 0.0, 0.0, 1.0],
                [1.0, 0.0, 0.0, 0.041418, 0.0, 0.0, -1.0, 2.051731, 0.0, 1.0, 0.0, 0.0, 0.0, 0.0, 0.0, 1.0],
                [1.0, 0.0, 0.0, 0.041827, 0.0, 0.0, -1.0, 2.057791, 0.0, 1.0, 0.0, 0.0, 0.0, 0.0, 0.0, 1.0],
                [1.0, 0.0, 0.0, 0.042137, 0.0, 0.0, -1.0, 2.0639, 0.0, 1.0, 0.0, 0.0, 0.0, 0.0, 0.0, 1.0],
                [1.0, 0.0, 0.0, 0.042369, 0.0, 0.0, -1.0, 2.070053, 0.0, 1.0, 0.0, 0.0, 0.0, 0.0, 0.0, 1.0],
                [1.0, 0.0, 0.0, 0.042554, 0.0, 0.0, -1.0, 2.076383, 0.0, 1.0, 0.0, 0.0, 0.0, 0.0, 0.0, 1.0],
                [1.0, 0.0, 0.0, 0.042699, 0.0, 0.0, -1.0, 2.083056, 0.0, 1.0, 0.0, 0.0, 0.0, 0.0, 0.0, 1.0],
                [1.0, 0.0, 0.0, 0.042807, 0.0, 0.0, -1.0, 2.09024, 0.0, 1.0, 0.0, 0.0, 0.0, 0.0, 0.0, 1.0],
                [1.0, 0.0, 0.0, 0.042885, 0.0, 0.0, -1.0, 2.0981, 0.0, 1.0, 0.0, 0.0, 0.0, 0.0, 0.0, 1.0],
                [1.0, 0.0, 0.0, 0.042937, 0.0, 0.0, -1.0, 2.106803, 0.0, 1.0, 0.0, 0.0, 0.0, 0.0, 0.0, 1.0],
                [1.0, 0.0, 0.0, 0.042969, 0.0, 0.0, -1.0, 2.116517, 0.0, 1.0, 0.0, 0.0, 0.0, 0.0, 0.0, 1.0],
                [1.0, 0.0, 0.0, 0.042985, 0.0, 0.0, -1.0, 2.127408, 0.0, 1.0, 0.0, 0.0, 0.0, 0.0, 0.0, 1.0],
                [1.0, 0.0, 0.0, 0.042991, 0.0, 0.0, -1.0, 2.139642, 0.0, 1.0, 0.0, 0.0, 0.0, 0.0, 0.0, 1.0],
                [1.0, 0.0, 0.0, 0.042992, 0.0, 0.0, -1.0, 2.153387, 0.0, 1.0, 0.0, 0.0, 0.0, 0.0, 0.0, 1.0],
                [1.0, 0.0, 0.0, 0.042214, 0.0, 0.0, -1.0, 2.168758, 0.0, 1.0, 0.0, 0.0, 0.0, 0.0, 0.0, 1.0],
                [1.0, 0.0, 0.0, 0.040049, 0.0, 0.0, -1.0, 2.185662, 0.0, 1.0, 0.0, 0.0, 0.0, 0.0, 0.0, 1.0],
                [1.0, 0.0, 0.0, 0.036748, 0.0, 0.0, -1.0, 2.203956, 0.0, 1.0, 0.0, 0.0, 0.0, 0.0, 0.0, 1.0],
                [1.0, 0.0, 0.0, 0.032565, 0.0, 0.0, -1.0, 2.223498, 0.0, 1.0, 0.0, 0.0, 0.0, 0.0, 0.0, 1.0],
                [1.0, 0.0, 0.0, 0.02775, 0.0, 0.0, -1.0, 2.244144, 0.0, 1.0, 0.0, 0.0, 0.0, 0.0, 0.0, 1.0],
                [1.0, 0.0, 0.0, 0.022558, 0.0, 0.0, -1.0, 2.26575, 0.0, 1.0, 0.0, 0.0, 0.0, 0.0, 0.0, 1.0],
                [1.0, 0.0, 0.0, 0.017239, 0.0, 0.0, -1.0, 2.288174, 0.0, 1.0, 0.0, 0.0, 0.0, 0.0, 0.0, 1.0],
                [1.0, 0.0, 0.0, 0.012046, 0.0, 0.0, -1.0, 2.311272, 0.0, 1.0, 0.0, 0.0, 0.0, 0.0, 0.0, 1.0],
                [1.0, 0.0, 0.0, 0.007232, 0.0, 0.0, -1.0, 2.334901, 0.0, 1.0, 0.0, 0.0, 0.0, 0.0, 0.0, 1.0],
                [1.0, 0.0, 0.0, 0.003048, 0.0, 0.0, -1.0, 2.358917, 0.0, 1.0, 0.0, 0.0, 0.0, 0.0, 0.0, 1.0],
                [1.0, 0.0, 0.0, -0.000253, 0.0, 0.0, -1.0, 2.383178, 0.0, 1.0, 0.0, 0.0, 0.0, 0.0, 0.0, 1.0],
                [1.0, 0.0, 0.0, -0.002418, 0.0, 0.0, -1.0, 2.40754, 0.0, 1.0, 0.0, 0.0, 0.0, 0.0, 0.0, 1.0],
                [1.0, 0.0, 0.0, -0.003196, 0.0, 0.0, -1.0, 2.431859, 0.0, 1.0, 0.0, 0.0, 0.0, 0.0, 0.0, 1.0],
                [1.0, 0.0, 0.0, -0.003052, 0.0, 0.0, -1.0, 2.455994, 0.0, 1.0, 0.0, 0.0, 0.0, 0.0, 0.0, 1.0],
                [1.0, 0.0, 0.0, -0.002644, 0.0, 0.0, -1.0, 2.479799, 0.0, 1.0, 0.0, 0.0, 0.0, 0.0, 0.0, 1.0],
                [1.0, 0.0, 0.0, -0.002007, 0.0, 0.0, -1.0, 2.503132, 0.0, 1.0, 0.0, 0.0, 0.0, 0.0, 0.0, 1.0],
                [1.0, 0.0, 0.0, -0.001177, 0.0, 0.0, -1.0, 2.52585, 0.0, 1.0, 0.0, 0.0, 0.0, 0.0, 0.0, 1.0],
                [1.0, 0.0, 0.0, -0.000188, 0.0, 0.0, -1.0, 2.54781, 0.0, 1.0, 0.0, 0.0, 0.0, 0.0, 0.0, 1.0],
                [1.0, 0.0, 0.0, 0.000924, 0.0, 0.0, -1.0, 2.568867, 0.0, 1.0, 0.0, 0.0, 0.0, 0.0, 0.0, 1.0],
                [1.0, 0.0, 0.0, 0.002124, 0.0, 0.0, -1.0, 2.588879, 0.0, 1.0, 0.0, 0.0, 0.0, 0.0, 0.0, 1.0],
                [1.0, 0.0, 0.0, 0.003377, 0.0, 0.0, -1.0, 2.607703, 0.0, 1.0, 0.0, 0.0, 0.0, 0.0, 0.0, 1.0],
                [1.0, 0.0, 0.0, 0.004647, 0.0, 0.0, -1.0, 2.625195, 0.0, 1.0, 0.0, 0.0, 0.0, 0.0, 0.0, 1.0],
                [1.0, 0.0, 0.0, 0.0059, 0.0, 0.0, -1.0, 2.641213, 0.0, 1.0, 0.0, 0.0, 0.0, 0.0, 0.0, 1.0],
                [1.0, 0.0, 0.0, 0.0071, 0.0, 0.0, -1.0, 2.655612, 0.0, 1.0, 0.0, 0.0, 0.0, 0.0, 0.0, 1.0],
                [1.0, 0.0, 0.0, 0.008213, 0.0, 0.0, -1.0, 2.668249, 0.0, 1.0, 0.0, 0.0, 0.0, 0.0, 0.0, 1.0],
                [1.0, 0.0, 0.0, 0.009201, 0.0, 0.0, -1.0, 2.678982, 0.0, 1.0, 0.0, 0.0, 0.0, 0.0, 0.0, 1.0],
                [1.0, 0.0, 0.0, 0.010032, 0.0, 0.0, -1.0, 2.687667, 0.0, 1.0, 0.0, 0.0, 0.0, 0.0, 0.0, 1.0],
                [1.0, 0.0, 0.0, 0.010668, 0.0, 0.0, -1.0, 2.69416, 0.0, 1.0, 0.0, 0.0, 0.0, 0.0, 0.0, 1.0],
                [1.0, 0.0, 0.0, 0.011076, 0.0, 0.0, -1.0, 2.698319, 0.0, 1.0, 0.0, 0.0, 0.0, 0.0, 0.0, 1.0],
                [1.0, 0.0, 0.0, 0.01122, 0.0, 0.0, -1.0, 2.7, 0.0, 1.0, 0.0, 0.0, 0.0, 0.0, 0.0, 1.0],
                [1.0, 0.0, 0.0, 0.011139, 0.0, 0.0, -1.0, 2.700355, 0.0, 1.0, 0.0, 0.0, 0.0, 0.0, 0.0, 1.0],
                [1.0, 0.0, 0.0, 0.010906, 0.0, 0.0, -1.0, 2.700638, 0.0, 1.0, 0.0, 0.0, 0.0, 0.0, 0.0, 1.0],
                [1.0, 0.0, 0.0, 0.010538, 0.0, 0.0, -1.0, 2.700854, 0.0, 1.0, 0.0, 0.0, 0.0, 0.0, 0.0, 1.0],
                [1.0, 0.0, 0.0, 0.010053, 0.0, 0.0, -1.0, 2.701009, 0.0, 1.0, 0.0, 0.0, 0.0, 0.0, 0.0, 1.0],
                [1.0, 0.0, 0.0, 0.009467, 0.0, 0.0, -1.0, 2.701108, 0.0, 1.0, 0.0, 0.0, 0.0, 0.0, 0.0, 1.0],
                [1.0, 0.0, 0.0, 0.008797, 0.0, 0.0, -1.0, 2.701159, 0.0, 1.0, 0.0, 0.0, 0.0, 0.0, 0.0, 1.0],
                [1.0, 0.0, 0.0, 0.008059, 0.0, 0.0, -1.0, 2.701165, 0.0, 1.0, 0.0, 0.0, 0.0, 0.0, 0.0, 1.0],
                [1.0, 0.0, 0.0, 0.007271, 0.0, 0.0, -1.0, 2.701135, 0.0, 1.0, 0.0, 0.0, 0.0, 0.0, 0.0, 1.0],
                [1.0, 0.0, 0.0, 0.006449, 0.0, 0.0, -1.0, 2.701073, 0.0, 1.0, 0.0, 0.0, 0.0, 0.0, 0.0, 1.0],
                [1.0, 0.0, 0.0, 0.00561, 0.0, 0.0, -1.0, 2.700985, 0.0, 1.0, 0.0, 0.0, 0.0, 0.0, 0.0, 1.0],
                [1.0, 0.0, 0.0, 0.004771, 0.0, 0.0, -1.0, 2.700878, 0.0, 1.0, 0.0, 0.0, 0.0, 0.0, 0.0, 1.0],
                [1.0, 0.0, 0.0, 0.003949, 0.0, 0.0, -1.0, 2.700756, 0.0, 1.0, 0.0, 0.0, 0.0, 0.0, 0.0, 1.0],
                [1.0, 0.0, 0.0, 0.003161, 0.0, 0.0, -1.0, 2.700628, 0.0, 1.0, 0.0, 0.0, 0.0, 0.0, 0.0, 1.0],
                [1.0, 0.0, 0.0, 0.002424, 0.0, 0.0, -1.0, 2.700497, 0.0, 1.0, 0.0, 0.0, 0.0, 0.0, 0.0, 1.0],
                [1.0, 0.0, 0.0, 0.001753, 0.0, 0.0, -1.0, 2.700369, 0.0, 1.0, 0.0, 0.0, 0.0, 0.0, 0.0, 1.0],
                [1.0, 0.0, 0.0, 0.001167, 0.0, 0.0, -1.0, 2.700252, 0.0, 1.0, 0.0, 0.0, 0.0, 0.0, 0.0, 1.0],
                [1.0, 0.0, 0.0, 0.000682, 0.0, 0.0, -1.0, 2.70015, 0.0, 1.0, 0.0, 0.0, 0.0, 0.0, 0.0, 1.0],
                [1.0, 0.0, 0.0, 0.000314, 0.0, 0.0, -1.0, 2.700071, 0.0, 1.0, 0.0, 0.0, 0.0, 0.0, 0.0, 1.0],
                [1.0, 0.0, 0.0, 8.1e-05, 0.0, 0.0, -1.0, 2.700019, 0.0, 1.0, 0.0, 0.0, 0.0, 0.0, 0.0, 1.0],
                [1.0, 0.0, 0.0, 0.0, 0.0, 0.0, -1.0, 2.7, 0.0, 1.0, 0.0, 0.0, 0.0, 0.0, 0.0, 1.0]
            ]
        },
        {
            "name": "B_Calf_L_IK",
            "time": [0.0, 0.0167, 0.0333, 0.05, 0.0667, 0.0833, 0.1, 0.1167, 0.1333, 0.15, 0.1667, 0.1833, 0.2, 0.2167, 0.2333, 0.25, 0.2667, 0.2833, 0.3, 0.3167, 0.3333, 0.35, 0.3667, 0.3833, 0.4, 0.4167, 0.4333, 0.45, 0.4667, 0.4833, 0.5, 0.5167, 0.5333, 0.55, 0.5667, 0.5833, 0.6, 0.6167, 0.6333, 0.65, 0.6667, 0.6833, 0.7, 0.7167, 0.7333, 0.75, 0.7667, 0.7833, 0.8, 0.8167, 0.8333, 0.85, 0.8667, 0.8833, 0.9, 0.9167, 0.9333, 0.95, 0.9667, 0.9833, 1.0, 1.0167, 1.0333, 1.05, 1.0667, 1.0833, 1.1, 1.1167, 1.1333, 1.15, 1.1667, 1.1833, 1.2, 1.2167, 1.2333, 1.25, 1.2667, 1.2833, 1.3, 1.3167, 1.3333, 1.35, 1.3667, 1.3833, 1.4, 1.4167, 1.4333, 1.45, 1.4667, 1.4833, 1.5, 1.5167, 1.5333, 1.55, 1.5667, 1.5833, 1.6, 1.6167, 1.6333, 1.65, 1.6667, 1.6833, 1.7, 1.7167, 1.7333, 1.75, 1.7667, 1.7833, 1.8, 1.8167, 1.8333, 1.85, 1.8667, 1.8833, 1.9, 1.9167, 1.9333, 1.95, 1.9667, 1.9833, 2.0, 2.0167, 2.0333, 2.05, 2.0667, 2.0833, 2.1, 2.1167, 2.1333, 2.15, 2.1667, 2.1833, 2.2, 2.2167, 2.2333, 2.25, 2.2667, 2.2833, 2.3, 2.3167, 2.3333, 2.35, 2.3667, 2.3833, 2.4, 2.4167, 2.4333, 2.45, 2.4667, 2.4833, 2.5, 2.5167, 2.5333, 2.55, 2.5667, 2.5833, 2.6, 2.6167, 2.6333, 2.65, 2.6667, 2.6833, 2.7, 2.7167, 2.7333, 2.75, 2.7667, 2.7833, 2.8, 2.8167, 2.8333, 2.85, 2.8667, 2.8833, 2.9, 2.9167, 2.9333, 2.95, 2.9667, 2.9833, 3.0],
            "transform": [
                [-0.00023, -0.306266, 0.951946, -0.72, -1.0, 5.8e-05, -0.000223, 0.350667, 1.3e-05, -0.951946, -0.306266, 1.018917, 0.0, 0.0, 0.0, 1.0],
                [-0.00023, -0.306253, 0.95195, -0.72004, -1.0, 5.8e-05, -0.000223, 0.350667, 1.3e-05, -0.95195, -0.306253, 1.025545, 0.0, 0.0, 0.0, 1.0],
                [-0.00023, -0.306253, 0.95195, -0.720152, -1.0, 5.8e-05, -0.000223, 0.350667, 1.3e-05, -0.95195, -0.306253, 1.043392, 0.0, 0.0, 0.0, 1.0],
                [-0.00023, -0.306253, 0.95195, -0.720325, -1.0, 5.8e-05, -0.000223, 0.350667, 1.3e-05, -0.95195, -0.306253, 1.0694, 0.0, 0.0, 0.0, 1.0],
                [-0.00023, -0.306253, 0.95195, -0.720549, -1.0, 5.8e-05, -0.000223, 0.350667, 1.3e-05, -0.95195, -0.306253, 1.100511, 0.0, 0.0, 0.0, 1.0],
                [-0.00023, -0.306253, 0.95195, -0.720811, -1.0, 5.8e-05, -0.000223, 0.350667, 1.3e-05, -0.95195, -0.306253, 1.133667, 0.0, 0.0, 0.0, 1.0],
                [-0.00023, -0.306253, 0.95195, -0.721101, -1.0, 5.8e-05, -0.000223, 0.350667, 1.3e-05, -0.95195, -0.306253, 1.165811, 0.0, 0.0, 0.0, 1.0],
                [-0.00023, -0.306253, 0.95195, -0.721408, -1.0, 5.8e-05, -0.000223, 0.350667, 1.3e-05, -0.95195, -0.306253, 1.193884, 0.0, 0.0, 0.0, 1.0],
                [-0.00023, -0.306253, 0.95195, -0.721721, -1.0, 5.8e-05, -0.000223, 0.350667, 1.3e-05, -0.95195, -0.306253, 1.215601, 0.0, 0.0, 0.0, 1.0],
                [-0.00023, -0.306253, 0.95195, -0.722028, -1.0, 5.8e-05, -0.000223, 0.350667, 1.3e-05, -0.95195, -0.306253, 1.231756, 0.0, 0.0, 0.0, 1.0],
                [-0.00023, -0.306253, 0.95195, -0.722318, -1.0, 5.8e-05, -0.000223, 0.350667, 1.3e-05, -0.95195, -0.306253, 1.243917, 0.0, 0.0, 0.0, 1.0],
                [-0.00023, -0.306253, 0.95195, -0.72258, -1.0, 5.8e-05, -0.000223, 0.350667, 1.3e-05, -0.95195, -0.306253, 1.25365, 0.0, 0.0, 0.0, 1.0],
                [-0.00023, -0.306253, 0.95195, -0.722804, -1.0, 5.8e-05, -0.000223, 0.350667, 1.3e-05, -0.95195, -0.306253, 1.262522, 0.0, 0.0, 0.0, 1.0],
                [-0.00023, -0.306253, 0.95195, -0.722977, -1.0, 5.8e-05, -0.000223, 0.350667, 1.3e-05, -0.95195, -0.306253, 1.272101, 0.0, 0.0, 0.0, 1.0],
                [-0.00023, -0.306253, 0.95195, -0.723089, -1.0, 5.8e-05, -0.000223, 0.350667, 1.3e-05, -0.95195, -0.306253, 1.283952, 0.0, 0.0, 0.0, 1.0],
                [-0.00023, -0.306253, 0.95195, -0.723129, -1.0, 5.8e-05, -0.000223, 0.350667, 1.3e-05, -0.95195, -0.306253, 1.299643, 0.0, 0.0, 0.0, 1.0],
                [-0.00023, -0.306253, 0.95195, -0.722848, -1.0, 5.8e-05, -0.000223, 0.350667, 1.3e-05, -0.95195, -0.306253, 1.319704, 0.0, 0.0, 0.0, 1.0],
                [-0.00023, -0.306253, 0.95195, -0.722043, -1.0, 5.8e-05, -0.000223, 0.350667, 1.3e-05, -0.95195, -0.306253, 1.343099, 0.0, 0.0, 0.0, 1.0],
                [-0.00023, -0.306253, 0.95195, -0.720768, -1.0, 5.8e-05, -0.000223, 0.350667, 1.3e-05, -0.95195, -0.306253, 1.369045, 0.0, 0.0, 0.0, 1.0],
                [-0.00023, -0.306253, 0.95195, -0.719079, -1.0, 5.8e-05, -0.000223, 0.350667, 1.3e-05, -0.95195, -0.306253, 1.396759, 0.0, 0.0, 0.0, 1.0],
                [-0.005892, -0.309463, 0.950893, -0.714451, -0.99998, -0.000206, -0.006263, 0.351057, 0.002134, -0.950911, -0.309455, 1.417476, 0.0, 0.0, 0.0, 1.0],
                [-0.020453, -0.317425, 0.948063, -0.704792, -0.999745, -0.002536, -0.022417, 0.352914, 0.00952, -0.94828, -0.317292, 1.423739, 0.0, 0.0, 0.0, 1.0],
                [-0.040271, -0.327622, 0.94395, -0.690803, -0.998908, -0.009197, -0.045808, 0.357264, 0.023689, -0.944764, -0.326894, 1.416717, 0.0, 0.0, 0.0, 1.0],
                [-0.061703, -0.337603, 0.939264, -0.673186, -0.997028, -0.022647, -0.073638, 0.365135, 0.046132, -0.941016, -0.335202, 1.39758, 0.0, 0.0, 0.0, 1.0],
                [-0.081112, -0.345051, 0.935072, -0.652645, -0.993625, -0.045701, -0.103055, 0.377554, 0.078293, -0.93747, -0.339145, 1.367499, 0.0, 0.0, 0.0, 1.0],
                [-0.09488, -0.347793, 0.932758, -0.629881, -0.988037, -0.081534, -0.130904, 0.395547, 0.121579, -0.934019, -0.335897, 1.327644, 0.0, 0.0, 0.0, 1.0],
                [-0.103089, -0.329848, 0.938388, -0.605762, -0.979001, -0.133156, -0.154356, 0.419409, 0.175866, -0.934596, -0.309194, 1.280545, 0.0, 0.0, 0.0, 1.0],
                [-0.108587, -0.282643, 0.953059, -0.58182, -0.965854, -0.196869, -0.168429, 0.446499, 0.235233, -0.938805, -0.251615, 1.229329, 0.0, 0.0, 0.0, 1.0],
                [-0.111918, -0.215115, 0.970155, -0.559752, -0.949683, -0.264249, -0.168149, 0.473443, 0.292533, -0.940158, -0.174718, 1.176062, 0.0, 0.0, 0.0, 1.0],
                [-0.113626, -0.136828, 0.984056, -0.541257, -0.933158, -0.325291, -0.152979, 0.496867, 0.341036, -0.935662, -0.090721, 1.122808, 0.0, 0.0, 0.0, 1.0],
                [-0.114253, -0.058196, 0.991746, -0.528031, -0.920157, -0.370131, -0.127726, 0.513395, 0.374509, -0.927155, -0.011261, 1.071634, 0.0, 0.0, 0.0, 1.0],
                [-0.114342, 0.009926, 0.993392, -0.521772, -0.91496, -0.390595, -0.101412, 0.519654, 0.387007, -0.920509, 0.053743, 1.024604, 0.0, 0.0, 0.0, 1.0],
                [-0.102521, 0.059242, 0.992965, -0.526467, -0.931476, -0.356002, -0.074932, 0.50208, 0.349059, -0.932605, 0.09168, 0.983785, 0.0, 0.0, 0.0, 1.0],
                [-0.074273, 0.091217, 0.993057, -0.540856, -0.963899, -0.261899, -0.048036, 0.460171, 0.255699, -0.960775, 0.107376, 0.951242, 0.0, 0.0, 0.0, 1.0],
                [-0.040479, 0.109476, 0.993165, -0.558771, -0.989284, -0.143942, -0.024454, 0.41015, 0.140281, -0.983512, 0.114129, 0.929039, 0.0, 0.0, 0.0, 1.0],
                [-0.012125, 0.11765, 0.992981, -0.574044, -0.99906, -0.042751, -0.007134, 0.368242, 0.041612, -0.992134, 0.118057, 0.919243, 0.0, 0.0, 0.0, 1.0],
                [-0.00023, 0.119521, 0.992832, -0.580505, -1.0, -4e-05, -0.000227, 0.350667, 1.3e-05, -0.992831, 0.119521, 0.923919, 0.0, 0.0, 0.0, 1.0],
                [-0.00023, 0.119521, 0.992832, -0.580505, -1.0, -4e-05, -0.000227, 0.350667, 1.3e-05, -0.992831, 0.119521, 0.936674, 0.0, 0.0, 0.0, 1.0],
                [-0.00023, 0.119521, 0.992832, -0.580505, -1.0, -4e-05, -0.000227, 0.350667, 1.3e-05, -0.992831, 0.119521, 0.9505, 0.0, 0.0, 0.0, 1.0],
                [-0.00023, 0.119521, 0.992832, -0.580505, -1.0, -4e-05, -0.000227, 0.350667, 1.3e-05, -0.992831, 0.119521, 0.96654, 0.0, 0.0, 0.0, 1.0],
                [-0.00023, 0.119521, 0.992832, -0.580505, -1.0, -4e-05, -0.000227, 0.350667, 1.3e-05, -0.992831, 0.119521, 0.985939, 0.0, 0.0, 0.0, 1.0],
                [-0.00023, 0.119521, 0.992832, -0.580505, -1.0, -4e-05, -0.000227, 0.350667, 1.3e-05, -0.992831, 0.119521, 1.009837, 0.0, 0.0, 0.0, 1.0],
                [-0.00023, 0.119521, 0.992832, -0.580505, -1.0, -4e-05, -0.000227, 0.350667, 1.3e-05, -0.992831, 0.119521, 1.03938, 0.0, 0.0, 0.0, 1.0],
                [-0.00023, 0.119521, 0.992832, -0.580505, -1.0, -4e-05, -0.000227, 0.350667, 1.3e-05, -0.992831, 0.119521, 1.075708, 0.0, 0.0, 0.0, 1.0],
                [-0.00023, 0.119521, 0.992832, -0.580505, -1.0, -4e-05, -0.000227, 0.350667, 1.3e-05, -0.992831, 0.119521, 1.119967, 0.0, 0.0, 0.0, 1.0],
                [-0.00023, 0.119521, 0.992832, -0.580505, -1.0, -4e-05, -0.000227, 0.350667, 1.3e-05, -0.992831, 0.119521, 1.173298, 0.0, 0.0, 0.0, 1.0],
                [-0.00023, 0.119521, 0.992832, -0.580505, -1.0, -4e-05, -0.000227, 0.350667, 1.3e-05, -0.992831, 0.119521, 1.236845, 0.0, 0.0, 0.0, 1.0],
                [-0.00023, 0.119521, 0.992832, -0.580505, -1.0, -4e-05, -0.000227, 0.350667, 1.3e-05, -0.992831, 0.119521, 1.311751, 0.0, 0.0, 0.0, 1.0],
                [-0.00023, 0.119521, 0.992832, -0.580505, -1.0, -4e-05, -0.000227, 0.350667, 1.3e-05, -0.992831, 0.119521, 1.399158, 0.0, 0.0, 0.0, 1.0],
                [-0.00023, 0.119521, 0.992832, -0.580519, -1.0, -4e-05, -0.000227, 0.350667, 1.3e-05, -0.992831, 0.119521, 1.499861, 0.0, 0.0, 0.0, 1.0],
                [-0.00023, 0.119521, 0.992832, -0.580562, -1.0, -4e-05, -0.000227, 0.350667, 1.3e-05, -0.992831, 0.119521, 1.611213, 0.0, 0.0, 0.0, 1.0],
                [-0.00023, 0.119521, 0.992832, -0.580637, -1.0, -4e-05, -0.000227, 0.350667, 1.3e-05, -0.992831, 0.119521, 1.729197, 0.0, 0.0, 0.0, 1.0],
                [-0.00023, 0.119521, 0.992832, -0.580745, -1.0, -4e-05, -0.000227, 0.350667, 1.3e-05, -0.992831, 0.119521, 1.849797, 0.0, 0.0, 0.0, 1.0],
                [-0.00023, 0.119521, 0.992832, -0.58089, -1.0, -4e-05, -0.000227, 0.350667, 1.3e-05, -0.992831, 0.119521, 1.968997, 0.0, 0.0, 0.0, 1.0],
                [-0.00023, 0.119521, 0.992832, -0.581072, -1.0, -4e-05, -0.000227, 0.350667, 1.3e-05, -0.992831, 0.119521, 2.082779, 0.0, 0.0, 0.0, 1.0],
                [-0.00023, 0.119521, 0.992832, -0.581295, -1.0, -4e-05, -0.000227, 0.350667, 1.3e-05, -0.992831, 0.119521, 2.187128, 0.0, 0.0, 0.0, 1.0],
                [-0.00023, 0.119521, 0.992832, -0.58156, -1.0, -4e-05, -0.000227, 0.350667, 1.3e-05, -0.992831, 0.119521, 2.278026, 0.0, 0.0, 0.0, 1.0],
                [-0.00023, 0.119521, 0.992832, -0.581867, -1.0, -4e-05, -0.000227, 0.350667, 1.3e-05, -0.992831, 0.119521, 2.343369, 0.0, 0.0, 0.0, 1.0],
                [-0.00023, 0.119521, 0.992832, -0.582199, -1.0, -4e-05, -0.000227, 0.350667, 1.3e-05, -0.992831, 0.119521, 2.378315, 0.0, 0.0, 0.0, 1.0],
                [-0.063642, 0.119764, 0.99076, -0.577852, -0.99797, -0.00532, -0.063462, 0.350294, -0.00233, -0.992788, 0.11986, 2.389736, 0.0, 0.0, 0.0, 1.0],
                [-0.126798, 0.119521, 0.984701, -0.567161, -0.991918, -0.01063, -0.126437, 0.349919, -0.004644, -0.992775, 0.119903, 2.384502, 0.0, 0.0, 0.0, 1.0],
                [-0.118079, 0.110776, 0.986806, -0.554055, -0.992958, -0.022771, -0.116259, 0.354959, 0.009592, -0.993584, 0.112684, 2.366049, 0.0, 0.0, 0.0, 1.0],
                [-0.096148, 0.088761, 0.991401, -0.540014, -0.994323, -0.054182, -0.091581, 0.367564, 0.045588, -0.994578, 0.093467, 2.339469, 0.0, 0.0, 0.0, 1.0],
                [-0.067357, 0.059876, 0.995931, -0.525937, -0.993372, -0.097208, -0.06134, 0.383952, 0.09314, -0.993461, 0.066027, 2.308095, 0.0, 0.0, 0.0, 1.0],
                [-0.038123, 0.030776, 0.998799, -0.512733, -0.989162, -0.14299, -0.033349, 0.40034, 0.141792, -0.989245, 0.035894, 2.270565, 0.0, 0.0, 0.0, 1.0],
                [-0.014913, 0.008306, 0.999854, -0.501308, -0.983342, -0.181288, -0.013161, 0.412946, 0.181152, -0.983395, 0.010871, 2.225515, 0.0, 0.0, 0.0, 1.0],
                [-0.004196, -0.000693, 0.999991, -0.492571, -0.979538, -0.201213, -0.004249, 0.417987, 0.201214, -0.979547, 0.000166, 2.171582, 0.0, 0.0, 0.0, 1.0],
                [-0.002393, 0.000372, 0.999997, -0.4871, -0.978333, -0.207026, -0.002264, 0.41656, 0.207024, -0.978335, 0.000859, 2.109084, 0.0, 0.0, 0.0, 1.0],
                [-0.001414, 0.002913, 0.999995, -0.484166, -0.977583, -0.210548, -0.000769, 0.412535, 0.210544, -0.977579, 0.003145, 2.04506, 0.0, 0.0, 0.0, 1.0],
                [-0.00095, 0.005946, 0.999982, -0.482711, -0.977193, -0.212353, 0.000334, 0.406294, 0.212351, -0.977175, 0.006012, 1.988233, 0.0, 0.0, 0.0, 1.0],
                [-0.000692, 0.008488, 0.999964, -0.48168, -0.977048, -0.213015, 0.001132, 0.398221, 0.213016, -0.977012, 0.008441, 1.947321, 0.0, 0.0, 0.0, 1.0],
                [-0.000332, 0.009554, 0.999954, -0.480007, -0.977028, -0.213105, 0.001712, 0.388695, 0.213111, -0.976982, 0.009405, 1.930952, 0.0, 0.0, 0.0, 1.0],
                [0.000366, 0.007893, 0.999969, -0.476896, -0.979391, -0.201965, 0.001953, 0.378157, 0.201974, -0.979361, 0.007656, 1.933117, 0.0, 0.0, 0.0, 1.0],
                [0.001337, 0.003609, 0.999993, -0.472741, -0.984898, -0.173127, 0.001942, 0.367267, 0.173133, -0.984893, 0.003323, 1.940426, 0.0, 0.0, 0.0, 1.0],
                [0.002443, -0.002249, 0.999995, -0.468232, -0.991051, -0.133465, 0.002121, 0.356745, 0.13346, -0.991051, -0.002555, 1.950657, 0.0, 0.0, 0.0, 1.0],
                [0.003544, -0.008631, 0.999957, -0.464062, -0.995936, -0.09002, 0.002753, 0.34731, 0.089992, -0.995902, -0.008915, 1.961586, 0.0, 0.0, 0.0, 1.0],
                [0.004503, -0.014489, 0.999885, -0.460923, -0.998742, -0.050004, 0.003773, 0.339681, 0.049943, -0.998644, -0.014696, 1.970991, 0.0, 0.0, 0.0, 1.0],
                [0.00518, -0.018772, 0.99981, -0.459507, -0.999774, -0.020694, 0.004791, 0.334576, 0.0206, -0.999609, -0.018875, 1.976647, 0.0, 0.0, 0.0, 1.0],
                [0.005437, -0.020433, 0.999776, -0.460505, -0.999943, -0.009325, 0.005247, 0.332715, 0.009215, -0.999748, -0.020483, 1.976332, 0.0, 0.0, 0.0, 1.0],
                [0.005437, -0.020433, 0.999776, -0.462991, -0.999943, -0.009325, 0.005247, 0.332715, 0.009215, -0.999748, -0.020483, 1.972167, 0.0, 0.0, 0.0, 1.0],
                [0.005437, -0.020433, 0.999776, -0.465562, -0.999943, -0.009325, 0.005247, 0.332715, 0.009215, -0.999748, -0.020483, 1.967784, 0.0, 0.0, 0.0, 1.0],
                [0.005437, -0.020433, 0.999776, -0.468204, -0.999943, -0.009325, 0.005247, 0.332715, 0.009215, -0.999748, -0.020483, 1.963228, 0.0, 0.0, 0.0, 1.0],
                [0.005437, -0.020433, 0.999776, -0.470899, -0.999943, -0.009325, 0.005247, 0.332715, 0.009215, -0.999748, -0.020483, 1.958541, 0.0, 0.0, 0.0, 1.0],
                [0.005437, -0.020433, 0.999776, -0.473633, -0.999943, -0.009325, 0.005247, 0.332715, 0.009215, -0.999748, -0.020483, 1.953767, 0.0, 0.0, 0.0, 1.0],
                [0.005437, -0.020433, 0.999776, -0.476388, -0.999943, -0.009325, 0.005247, 0.332715, 0.009215, -0.999748, -0.020483, 1.948949, 0.0, 0.0, 0.0, 1.0],
                [0.005437, -0.020433, 0.999776, -0.479148, -0.999943, -0.009325, 0.005247, 0.332715, 0.009215, -0.999748, -0.020483, 1.944131, 0.0, 0.0, 0.0, 1.0],
                [0.005437, -0.020433, 0.999776, -0.481899, -0.999943, -0.009325, 0.005247, 0.332715, 0.009215, -0.999748, -0.020483, 1.939356, 0.0, 0.0, 0.0, 1.0],
                [0.005437, -0.020433, 0.999776, -0.484622, -0.999943, -0.009325, 0.005247, 0.332715, 0.009215, -0.999748, -0.020483, 1.934668, 0.0, 0.0, 0.0, 1.0],
                [0.005437, -0.020433, 0.999776, -0.487303, -0.999943, -0.009325, 0.005247, 0.332715, 0.009215, -0.999748, -0.020483, 1.93011, 0.0, 0.0, 0.0, 1.0],
                [0.005437, -0.020433, 0.999776, -0.489926, -0.999943, -0.009325, 0.005247, 0.332715, 0.009215, -0.999748, -0.020483, 1.925726, 0.0, 0.0, 0.0, 1.0],
                [0.005437, -0.020433, 0.999776, -0.492473, -0.999943, -0.009325, 0.005247, 0.332715, 0.009215, -0.999748, -0.020483, 1.92156, 0.0, 0.0, 0.0, 1.0],
                [0.005437, -0.020433, 0.999776, -0.49493, -0.999943, -0.009325, 0.005247, 0.332715, 0.009215, -0.999748, -0.020483, 1.917639, 0.0, 0.0, 0.0, 1.0],
                [0.006643, -0.020799, 0.999762, -0.497525, -0.999905, -0.012202, 0.00639, 0.333825, 0.012066, -0.999709, -0.020878, 1.913812, 0.0, 0.0, 0.0, 1.0],
                [0.009918, -0.021938, 0.99971, -0.500482, -0.999755, -0.020017, 0.009479, 0.336837, 0.019803, -0.999559, -0.022131, 1.909656, 0.0, 0.0, 0.0, 1.0],
                [0.014743, -0.023915, 0.999605, -0.503778, -0.999404, -0.031548, 0.013985, 0.341277, 0.031201, -0.999216, -0.024366, 1.904764, 0.0, 0.0, 0.0, 1.0],
                [0.020602, -0.02679, 0.999429, -0.50739, -0.998773, -0.045578, 0.019367, 0.346668, 0.045033, -0.998601, -0.027696, 1.898729, 0.0, 0.0, 0.0, 1.0],
                [0.026977, -0.030628, 0.999167, -0.511294, -0.997829, -0.060889, 0.025075, 0.352536, 0.06007, -0.997674, -0.032204, 1.891145, 0.0, 0.0, 0.0, 1.0],
                [0.033351, -0.035489, 0.998813, -0.515467, -0.996619, -0.07626, 0.030568, 0.358403, 0.075085, -0.996456, -0.037912, 1.881603, 0.0, 0.0, 0.0, 1.0],
                [0.039207, -0.041436, 0.998372, -0.519885, -0.995272, -0.090471, 0.035331, 0.363794, 0.08886, -0.995037, -0.044787, 1.869699, 0.0, 0.0, 0.0, 1.0],
                [0.044029, -0.048532, 0.997851, -0.524525, -0.993994, -0.102291, 0.038884, 0.368235, 0.100184, -0.99357, -0.052744, 1.855024, 0.0, 0.0, 0.0, 1.0],
                [0.0473, -0.05684, 0.997262, -0.529364, -0.993041, -0.110478, 0.040803, 0.371248, 0.107857, -0.992252, -0.06167, 1.837173, 0.0, 0.0, 0.0, 1.0],
                [0.048505, -0.066426, 0.996612, -0.53439, -0.992672, -0.113772, 0.040731, 0.372359, 0.110681, -0.991284, -0.071457, 1.815752, 0.0, 0.0, 0.0, 1.0],
                [0.048022, -0.077298, 0.995851, -0.53963, -0.992821, -0.11304, 0.039102, 0.371915, 0.109548, -0.990579, -0.082172, 1.790614, 0.0, 0.0, 0.0, 1.0],
                [0.046656, -0.089258, 0.994915, -0.545066, -0.993234, -0.110182, 0.036692, 0.370657, 0.106346, -0.989895, -0.093794, 1.762379, 0.0, 0.0, 0.0, 1.0],
                [0.044533, -0.102052, 0.993782, -0.550671, -0.993852, -0.105463, 0.033706, 0.368703, 0.101367, -0.989173, -0.106122, 1.731851, 0.0, 0.0, 0.0, 1.0],
                [0.04178, -0.115431, 0.992436, -0.556414, -0.994609, -0.099155, 0.030338, 0.366167, 0.094903, -0.988354, -0.118952, 1.699838, 0.0, 0.0, 0.0, 1.0],
                [0.038521, -0.129142, 0.990878, -0.562267, -0.995442, -0.091539, 0.026768, 0.363167, 0.087247, -0.987392, -0.13208, 1.667145, 0.0, 0.0, 0.0, 1.0],
                [0.034884, -0.142934, 0.989117, -0.568189, -0.996288, -0.082905, 0.023157, 0.359818, 0.078693, -0.986253, -0.145296, 1.634395, 0.0, 0.0, 0.0, 1.0],
                [0.030994, -0.156558, 0.987182, -0.574087, -0.997098, -0.073552, 0.01964, 0.356236, 0.069535, -0.984926, -0.158384, 1.602124, 0.0, 0.0, 0.0, 1.0],
