{
    "animation": [
        {
            "name": "Root",
            "time": [0.0, 0.0167, 0.0333, 0.05, 0.0667, 0.0833, 0.1, 0.1167, 0.1333, 0.15, 0.1667, 0.1833, 0.2, 0.2167, 0.2333, 0.25, 0.2667, 0.2833, 0.3, 0.3167, 0.3333, 0.35, 0.3667, 0.3833, 0.4, 0.4167, 0.4333, 0.45, 0.4667, 0.4833, 0.5, 0.5167, 0.5333, 0.55, 0.5667, 0.5833, 0.6, 0.6167, 0.6333, 0.65, 0.6667, 0.6833, 0.7, 0.7167, 0.7333, 0.75, 0.7667, 0.7833, 0.8, 0.8167, 0.8333, 0.85, 0.8667, 0.8833, 0.9, 0.9167, 0.9333, 0.95, 0.9667, 0.9833, 1.0, 1.0167, 1.0333, 1.05, 1.0667, 1.0833, 1.1, 1.1167, 1.1333, 1.15, 1.1667, 1.1833, 1.2, 1.2167, 1.2333, 1.25, 1.2667, 1.2833, 1.3, 1.3167, 1.3333, 1.35, 1.3667, 1.3833, 1.4, 1.4167, 1.4333, 1.45, 1.4667, 1.4833, 1.5, 1.5167, 1.5333, 1.55, 1.5667, 1.5833, 1.6, 1.6167, 1.6333, 1.65, 1.6667, 1.6833, 1.7, 1.7167, 1.7333, 1.75, 1.7667, 1.7833, 1.8, 1.8167, 1.8333, 1.85, 1.8667, 1.8833, 1.9, 1.9167, 1.9333, 1.95, 1.9667, 1.9833, 2.0, 2.0167, 2.0333, 2.05, 2.0667, 2.0833, 2.1, 2.1167, 2.1333, 2.15, 2.1667, 2.1833, 2.2, 2.2167, 2.2333, 2.25, 2.2667, 2.2833, 2.3, 2.3167, 2.3333, 2.35, 2.3667, 2.3833, 2.4, 2.4167, 2.4333, 2.45, 2.4667, 2.4833, 2.5, 2.5167, 2.5333, 2.55, 2.5667, 2.5833, 2.6, 2.6167, 2.6333, 2.65, 2.6667, 2.6833, 2.7],
            "transform": [
                [1.0, 0.0, 0.0, -0.005502, 0.0, 0.0, -1.0, 0.001758, 0.0, 1.0, 0.0, 0.000704, 0.0, 0.0, 0.0, 1.0],
                [1.0, 0.0, 0.0, -0.007457, 0.0, 0.0, -1.0, 0.00275, 0.0, 1.0, 0.0, 0.000704, 0.0, 0.0, 0.0, 1.0],
                [1.0, 0.0, 0.0, -0.012119, 0.0, 0.0, -1.0, 0.005983, 0.0, 1.0, 0.0, 0.000704, 0.0, 0.0, 0.0, 1.0],
                [1.0, 0.0, 0.0, -0.017683, 0.0, 0.0, -1.0, 0.011846, 0.0, 1.0, 0.0, 0.000704, 0.0, 0.0, 0.0, 1.0],
                [1.0, 0.0, 0.0, -0.022345, 0.0, 0.0, -1.0, 0.020726, 0.0, 1.0, 0.0, 0.000704, 0.0, 0.0, 0.0, 1.0],
                [1.0, 0.0, 0.0, -0.024299, 0.0, 0.0, -1.0, 0.033014, 0.0, 1.0, 0.0, 0.000704, 0.0, 0.0, 0.0, 1.0],
                [1.0, 0.0, 0.0, -0.023581, 0.0, 0.0, -1.0, 0.047959, 0.0, 1.0, 0.0, 0.000704, 0.0, 0.0, 0.0, 1.0],
                [1.0, 0.0, 0.0, -0.021503, 0.0, 0.0, -1.0, 0.064689, 0.0, 1.0, 0.0, 0.000704, 0.0, 0.0, 0.0, 1.0],
                [1.0, 0.0, 0.0, -0.018187, 0.0, 0.0, -1.0, 0.083401, 0.0, 1.0, 0.0, 0.000704, 0.0, 0.0, 0.0, 1.0],
                [1.0, 0.0, 0.0, -0.013751, 0.0, 0.0, -1.0, 0.104296, 0.0, 1.0, 0.0, 0.000704, 0.0, 0.0, 0.0, 1.0],
                [1.0, 0.0, 0.0, -0.008314, 0.0, 0.0, -1.0, 0.127572, 0.0, 1.0, 0.0, 0.000704, 0.0, 0.0, 0.0, 1.0],
                [1.0, 0.0, 0.0, -0.001997, 0.0, 0.0, -1.0, 0.153428, 0.0, 1.0, 0.0, 0.000704, 0.0, 0.0, 0.0, 1.0],
                [1.0, 0.0, 0.0, 0.005083, 0.0, 0.0, -1.0, 0.182063, 0.0, 1.0, 0.0, 0.000704, 0.0, 0.0, 0.0, 1.0],
                [1.0, 0.0, 0.0, 0.012805, 0.0, 0.0, -1.0, 0.213676, 0.0, 1.0, 0.0, 0.000704, 0.0, 0.0, 0.0, 1.0],
                [1.0, 0.0, 0.0, 0.02105, 0.0, 0.0, -1.0, 0.248467, 0.0, 1.0, 0.0, 0.000704, 0.0, 0.0, 0.0, 1.0],
                [1.0, 0.0, 0.0, 0.029699, 0.0, 0.0, -1.0, 0.286634, 0.0, 1.0, 0.0, 0.000704, 0.0, 0.0, 0.0, 1.0],
                [1.0, 0.0, 0.0, 0.038633, 0.0, 0.0, -1.0, 0.328376, 0.0, 1.0, 0.0, 0.000704, 0.0, 0.0, 0.0, 1.0],
                [1.0, 0.0, 0.0, 0.047732, 0.0, 0.0, -1.0, 0.373893, 0.0, 1.0, 0.0, 0.000704, 0.0, 0.0, 0.0, 1.0],
                [1.0, 0.0, 0.0, 0.056884, 0.0, 0.0, -1.0, 0.423238, 0.0, 1.0, 0.0, 0.000704, 0.0, 0.0, 0.0, 1.0],
                [1.0, 0.0, 0.0, 0.066006, 0.0, 0.0, -1.0, 0.475882, 0.0, 1.0, 0.0, 0.000704, 0.0, 0.0, 0.0, 1.0],
                [1.0, 0.0, 0.0, 0.075021, 0.0, 0.0, -1.0, 0.531152, 0.0, 1.0, 0.0, 0.000704, 0.0, 0.0, 0.0, 1.0],
                [1.0, 0.0, 0.0, 0.083855, 0.0, 0.0, -1.0, 0.588373, 0.0, 1.0, 0.0, 0.000704, 0.0, 0.0, 0.0, 1.0],
                [1.0, 0.0, 0.0, 0.092431, 0.0, 0.0, -1.0, 0.646872, 0.0, 1.0, 0.0, 0.000704, 0.0, 0.0, 0.0, 1.0],
                [1.0, 0.0, 0.0, 0.100672, 0.0, 0.0, -1.0, 0.705974, 0.0, 1.0, 0.0, 0.000704, 0.0, 0.0, 0.0, 1.0],
                [1.0, 0.0, 0.0, 0.108503, 0.0, 0.0, -1.0, 0.765004, 0.0, 1.0, 0.0, 0.000704, 0.0, 0.0, 0.0, 1.0],
                [1.0, 0.0, 0.0, 0.115847, 0.0, 0.0, -1.0, 0.82329, 0.0, 1.0, 0.0, 0.000704, 0.0, 0.0, 0.0, 1.0],
                [1.0, 0.0, 0.0, 0.122629, 0.0, 0.0, -1.0, 0.880157, 0.0, 1.0, 0.0, 0.000704, 0.0, 0.0, 0.0, 1.0],
                [1.0, 0.0, 0.0, 0.128773, 0.0, 0.0, -1.0, 0.934931, 0.0, 1.0, 0.0, 0.000704, 0.0, 0.0, 0.0, 1.0],
                [1.0, 0.0, 0.0, 0.134202, 0.0, 0.0, -1.0, 0.986938, 0.0, 1.0, 0.0, 0.000704, 0.0, 0.0, 0.0, 1.0],
                [1.0, 0.0, 0.0, 0.138864, 0.0, 0.0, -1.0, 1.035619, 0.0, 1.0, 0.0, 0.000704, 0.0, 0.0, 0.0, 1.0],
                [1.0, 0.0, 0.0, 0.142799, 0.0, 0.0, -1.0, 1.080876, 0.0, 1.0, 0.0, 0.000704, 0.0, 0.0, 0.0, 1.0],
                [1.0, 0.0, 0.0, 0.146069, 0.0, 0.0, -1.0, 1.122725, 0.0, 1.0, 0.0, 0.000704, 0.0, 0.0, 0.0, 1.0],
                [1.0, 0.0, 0.0, 0.148737, 0.0, 0.0, -1.0, 1.161183, 0.0, 1.0, 0.0, 0.000704, 0.0, 0.0, 0.0, 1.0],
                [1.0, 0.0, 0.0, 0.150868, 0.0, 0.0, -1.0, 1.196267, 0.0, 1.0, 0.0, 0.000704, 0.0, 0.0, 0.0, 1.0],
                [1.0, 0.0, 0.0, 0.152523, 0.0, 0.0, -1.0, 1.227993, 0.0, 1.0, 0.0, 0.000704, 0.0, 0.0, 0.0, 1.0],
                [1.0, 0.0, 0.0, 0.153766, 0.0, 0.0, -1.0, 1.256379, 0.0, 1.0, 0.0, 0.000704, 0.0, 0.0, 0.0, 1.0],
                [1.0, 0.0, 0.0, 0.15466, 0.0, 0.0, -1.0, 1.281441, 0.0, 1.0, 0.0, 0.000704, 0.0, 0.0, 0.0, 1.0],
                [1.0, 0.0, 0.0, 0.155268, 0.0, 0.0, -1.0, 1.303196, 0.0, 1.0, 0.0, 0.000704, 0.0, 0.0, 0.0, 1.0],
                [1.0, 0.0, 0.0, 0.155653, 0.0, 0.0, -1.0, 1.32166, 0.0, 1.0, 0.0, 0.000704, 0.0, 0.0, 0.0, 1.0],
                [1.0, 0.0, 0.0, 0.155879, 0.0, 0.0, -1.0, 1.336851, 0.0, 1.0, 0.0, 0.000704, 0.0, 0.0, 0.0, 1.0],
                [1.0, 0.0, 0.0, 0.156007, 0.0, 0.0, -1.0, 1.348785, 0.0, 1.0, 0.0, 0.000704, 0.0, 0.0, 0.0, 1.0],
                [1.0, 0.0, 0.0, 0.156104, 0.0, 0.0, -1.0, 1.357735, 0.0, 1.0, 0.0, 0.000704, 0.0, 0.0, 0.0, 1.0],
                [1.0, 0.0, 0.0, 0.156242, 0.0, 0.0, -1.0, 1.365005, 0.0, 1.0, 0.0, 0.000704, 0.0, 0.0, 0.0, 1.0],
                [1.0, 0.0, 0.0, 0.156495, 0.0, 0.0, -1.0, 1.37215, 0.0, 1.0, 0.0, 0.000704, 0.0, 0.0, 0.0, 1.0],
                [1.0, 0.0, 0.0, 0.156939, 0.0, 0.0, -1.0, 1.380732, 0.0, 1.0, 0.0, 0.000704, 0.0, 0.0, 0.0, 1.0],
                [1.0, 0.0, 0.0, 0.157648, 0.0, 0.0, -1.0, 1.392307, 0.0, 1.0, 0.0, 0.000704, 0.0, 0.0, 0.0, 1.0],
                [1.0, 0.0, 0.0, 0.158697, 0.0, 0.0, -1.0, 1.408434, 0.0, 1.0, 0.0, 0.000704, 0.0, 0.0, 0.0, 1.0],
                [1.0, 0.0, 0.0, 0.16016, 0.0, 0.0, -1.0, 1.430672, 0.0, 1.0, 0.0, 0.000704, 0.0, 0.0, 0.0, 1.0],
                [1.0, 0.0, 0.0, 0.162112, 0.0, 0.0, -1.0, 1.46058, 0.0, 1.0, 0.0, 0.000704, 0.0, 0.0, 0.0, 1.0],
                [1.0, 0.0, 0.0, 0.164629, 0.0, 0.0, -1.0, 1.499716, 0.0, 1.0, 0.0, 0.000704, 0.0, 0.0, 0.0, 1.0],
                [1.0, 0.0, 0.0, 0.167784, 0.0, 0.0, -1.0, 1.549638, 0.0, 1.0, 0.0, 0.000704, 0.0, 0.0, 0.0, 1.0],
                [1.0, 0.0, 0.0, 0.171652, 0.0, 0.0, -1.0, 1.611905, 0.0, 1.0, 0.0, 0.000704, 0.0, 0.0, 0.0, 1.0],
                [1.0, 0.0, 0.0, 0.176308, 0.0, 0.0, -1.0, 1.688075, 0.0, 1.0, 0.0, 0.000704, 0.0, 0.0, 0.0, 1.0],
                [1.0, 0.0, 0.0, 0.194851, 0.0, 0.0, -1.0, 1.781829, 0.0, 1.0, 0.0, 0.000704, 0.0, 0.0, 0.0, 1.0],
                [1.0, 0.0, 0.0, 0.237343, 0.0, 0.0, -1.0, 1.895533, 0.0, 1.0, 0.0, 0.000704, 0.0, 0.0, 0.0, 1.0],
                [1.0, 0.0, 0.0, 0.299304, 0.0, 0.0, -1.0, 2.028771, 0.0, 1.0, 0.0, 0.000704, 0.0, 0.0, 0.0, 1.0],
                [1.0, 0.0, 0.0, 0.376255, 0.0, 0.0, -1.0, 2.181129, 0.0, 1.0, 0.0, 0.000704, 0.0, 0.0, 0.0, 1.0],
                [1.0, 0.0, 0.0, 0.463716, 0.0, 0.0, -1.0, 2.352193, 0.0, 1.0, 0.0, 0.000704, 0.0, 0.0, 0.0, 1.0],
                [1.0, 0.0, 0.0, 0.557209, 0.0, 0.0, -1.0, 2.541548, 0.0, 1.0, 0.0, 0.000704, 0.0, 0.0, 0.0, 1.0],
                [1.0, 0.0, 0.0, 0.652254, 0.0, 0.0, -1.0, 2.748778, 0.0, 1.0, 0.0, 0.000704, 0.0, 0.0, 0.0, 1.0],
                [1.0, 0.0, 0.0, 0.745345, 0.0, 0.0, -1.0, 2.971255, 0.0, 1.0, 0.0, 0.000704, 0.0, 0.0, 0.0, 1.0],
                [1.0, 0.0, 0.0, 0.836877, 0.0, 0.0, -1.0, 3.197494, 0.0, 1.0, 0.0, 0.000704, 0.0, 0.0, 0.0, 1.0],
                [1.0, 0.0, 0.0, 0.928217, 0.0, 0.0, -1.0, 3.413793, 0.0, 1.0, 0.0, 0.000704, 0.0, 0.0, 0.0, 1.0],
                [1.0, 0.0, 0.0, 1.020733, 0.0, 0.0, -1.0, 3.606453, 0.0, 1.0, 0.0, 0.000704, 0.0, 0.0, 0.0, 1.0],
                [1.0, 0.0, 0.0, 1.115793, 0.0, 0.0, -1.0, 3.761772, 0.0, 1.0, 0.0, 0.000704, 0.0, 0.0, 0.0, 1.0],
                [1.0, 0.0, 0.0, 1.21305, 0.0, 0.0, -1.0, 3.872416, 0.0, 1.0, 0.0, 0.000704, 0.0, 0.0, 0.0, 1.0],
                [1.0, 0.0, 0.0, 1.305293, 0.0, 0.0, -1.0, 3.946394, 0.0, 1.0, 0.0, 0.000704, 0.0, 0.0, 0.0, 1.0],
                [1.0, 0.0, 0.0, 1.383595, 0.0, 0.0, -1.0, 3.993022, 0.0, 1.0, 0.0, 0.000704, 0.0, 0.0, 0.0, 1.0],
                [1.0, 0.0, 0.0, 1.439031, 0.0, 0.0, -1.0, 4.021614, 0.0, 1.0, 0.0, 0.000704, 0.0, 0.0, 0.0, 1.0],
                [1.0, 0.0, 0.0, 1.462674, 0.0, 0.0, -1.0, 4.041487, 0.0, 1.0, 0.0, 0.000704, 0.0, 0.0, 0.0, 1.0],
                [1.0, 0.0, 0.0, 1.466796, 0.0, 0.0, -1.0, 4.059409, 0.0, 1.0, 0.0, 0.000704, 0.0, 0.0, 0.0, 1.0],
                [1.0, 0.0, 0.0, 1.469749, 0.0, 0.0, -1.0, 4.075675, 0.0, 1.0, 0.0, 0.000704, 0.0, 0.0, 0.0, 1.0],
                [1.0, 0.0, 0.0, 1.471729, 0.0, 0.0, -1.0, 4.089883, 0.0, 1.0, 0.0, 0.000704, 0.0, 0.0, 0.0, 1.0],
                [1.0, 0.0, 0.0, 1.47293, 0.0, 0.0, -1.0, 4.101631, 0.0, 1.0, 0.0, 0.000704, 0.0, 0.0, 0.0, 1.0],
                [1.0, 0.0, 0.0, 1.473547, 0.0, 0.0, -1.0, 4.110519, 0.0, 1.0, 0.0, 0.000704, 0.0, 0.0, 0.0, 1.0],
                [1.0, 0.0, 0.0, 1.473774, 0.0, 0.0, -1.0, 4.116146, 0.0, 1.0, 0.0, 0.000704, 0.0, 0.0, 0.0, 1.0],
                [1.0, 0.0, 0.0, 1.473806, 0.0, 0.0, -1.0, 4.118111, 0.0, 1.0, 0.0, 0.000704, 0.0, 0.0, 0.0, 1.0],
                [1.0, 0.0, 0.0, 1.473805, 0.0, 0.0, -1.0, 4.118147, 0.0, 1.0, 0.0, 0.000704, 0.0, 0.0, 0.0, 1.0],
                [1.0, 0.0, 0.0, 1.473794, 0.0, 0.0, -1.0, 4.118251, 0.0, 1.0, 0.0, 0.000704, 0.0, 0.0, 0.0, 1.0],
                [1.0, 0.0, 0.0, 1.473763, 0.0, 0.0, -1.0, 4.118416, 0.0, 1.0, 0.0, 0.000704, 0.0, 0.0, 0.0, 1.0],
                [1.0, 0.0, 0.0, 1.473702, 0.0, 0.0, -1.0, 4.118636, 0.0, 1.0, 0.0, 0.000704, 0.0, 0.0, 0.0, 1.0],
                [1.0, 0.0, 0.0, 1.473603, 0.0, 0.0, -1.0, 4.118904, 0.0, 1.0, 0.0, 0.000704, 0.0, 0.0, 0.0, 1.0],
                [1.0, 0.0, 0.0, 1.473454, 0.0, 0.0, -1.0, 4.119215, 0.0, 1.0, 0.0, 0.000704, 0.0, 0.0, 0.0, 1.0],
                [1.0, 0.0, 0.0, 1.473248, 0.0, 0.0, -1.0, 4.119561, 0.0, 1.0, 0.0, 0.000704, 0.0, 0.0, 0.0, 1.0],
                [1.0, 0.0, 0.0, 1.472972, 0.0, 0.0, -1.0, 4.119937, 0.0, 1.0, 0.0, 0.000704, 0.0, 0.0, 0.0, 1.0],
                [1.0, 0.0, 0.0, 1.472619, 0.0, 0.0, -1.0, 4.120337, 0.0, 1.0, 0.0, 0.000704, 0.0, 0.0, 0.0, 1.0],
                [1.0, 0.0, 0.0, 1.472177, 0.0, 0.0, -1.0, 4.120752, 0.0, 1.0, 0.0, 0.000704, 0.0, 0.0, 0.0, 1.0],
                [1.0, 0.0, 0.0, 1.471638, 0.0, 0.0, -1.0, 4.121178, 0.0, 1.0, 0.0, 0.000704, 0.0, 0.0, 0.0, 1.0],
                [1.0, 0.0, 0.0, 1.470991, 0.0, 0.0, -1.0, 4.121608, 0.0, 1.0, 0.0, 0.000704, 0.0, 0.0, 0.0, 1.0],
                [1.0, 0.0, 0.0, 1.470227, 0.0, 0.0, -1.0, 4.122035, 0.0, 1.0, 0.0, 0.000704, 0.0, 0.0, 0.0, 1.0],
                [1.0, 0.0, 0.0, 1.469336, 0.0, 0.0, -1.0, 4.122454, 0.0, 1.0, 0.0, 0.000704, 0.0, 0.0, 0.0, 1.0],
                [1.0, 0.0, 0.0, 1.468307, 0.0, 0.0, -1.0, 4.122857, 0.0, 1.0, 0.0, 0.000704, 0.0, 0.0, 0.0, 1.0],
                [1.0, 0.0, 0.0, 1.467133, 0.0, 0.0, -1.0, 4.123239, 0.0, 1.0, 0.0, 0.000704, 0.0, 0.0, 0.0, 1.0],
                [1.0, 0.0, 0.0, 1.465801, 0.0, 0.0, -1.0, 4.123592, 0.0, 1.0, 0.0, 0.000704, 0.0, 0.0, 0.0, 1.0],
                [1.0, 0.0, 0.0, 1.464304, 0.0, 0.0, -1.0, 4.123912, 0.0, 1.0, 0.0, 0.000704, 0.0, 0.0, 0.0, 1.0],
                [1.0, 0.0, 0.0, 1.462631, 0.0, 0.0, -1.0, 4.124191, 0.0, 1.0, 0.0, 0.000704, 0.0, 0.0, 0.0, 1.0],
                [1.0, 0.0, 0.0, 1.460772, 0.0, 0.0, -1.0, 4.124423, 0.0, 1.0, 0.0, 0.000704, 0.0, 0.0, 0.0, 1.0],
                [1.0, 0.0, 0.0, 1.458717, 0.0, 0.0, -1.0, 4.1246, 0.0, 1.0, 0.0, 0.000704, 0.0, 0.0, 0.0, 1.0],
                [1.0, 0.0, 0.0, 1.456457, 0.0, 0.0, -1.0, 4.124719, 0.0, 1.0, 0.0, 0.000704, 0.0, 0.0, 0.0, 1.0],
                [1.0, 0.0, 0.0, 1.453982, 0.0, 0.0, -1.0, 4.124771, 0.0, 1.0, 0.0, 0.000704, 0.0, 0.0, 0.0, 1.0],
                [1.0, 0.0, 0.0, 1.451282, 0.0, 0.0, -1.0, 4.124751, 0.0, 1.0, 0.0, 0.000704, 0.0, 0.0, 0.0, 1.0],
                [1.0, 0.0, 0.0, 1.448348, 0.0, 0.0, -1.0, 4.124652, 0.0, 1.0, 0.0, 0.000704, 0.0, 0.0, 0.0, 1.0],
                [1.0, 0.0, 0.0, 1.445168, 0.0, 0.0, -1.0, 4.124468, 0.0, 1.0, 0.0, 0.000704, 0.0, 0.0, 0.0, 1.0],
                [1.0, 0.0, 0.0, 1.441736, 0.0, 0.0, -1.0, 4.12419, 0.0, 1.0, 0.0, 0.000704, 0.0, 0.0, 0.0, 1.0],
                [1.0, 0.0, 0.0, 1.438038, 0.0, 0.0, -1.0, 4.123816, 0.0, 1.0, 0.0, 0.000704, 0.0, 0.0, 0.0, 1.0],
                [1.0, 0.0, 0.0, 1.434068, 0.0, 0.0, -1.0, 4.123337, 0.0, 1.0, 0.0, 0.000704, 0.0, 0.0, 0.0, 1.0],
                [1.0, 0.0, 0.0, 1.429208, 0.0, 0.0, -1.0, 4.122771, 0.0, 1.0, 0.0, 0.000704, 0.0, 0.0, 0.0, 1.0],
                [1.0, 0.0, 0.0, 1.422868, 0.0, 0.0, -1.0, 4.122133, 0.0, 1.0, 0.0, 0.000704, 0.0, 0.0, 0.0, 1.0],
                [1.0, 0.0, 0.0, 1.415078, 0.0, 0.0, -1.0, 4.12141, 0.0, 1.0, 0.0, 0.000704, 0.0, 0.0, 0.0, 1.0],
                [1.0, 0.0, 0.0, 1.405865, 0.0, 0.0, -1.0, 4.12059, 0.0, 1.0, 0.0, 0.000704, 0.0, 0.0, 0.0, 1.0],
                [1.0, 0.0, 0.0, 1.395259, 0.0, 0.0, -1.0, 4.11966, 0.0, 1.0, 0.0, 0.000704, 0.0, 0.0, 0.0, 1.0],
                [1.0, 0.0, 0.0, 1.383288, 0.0, 0.0, -1.0, 4.118608, 0.0, 1.0, 0.0, 0.000704, 0.0, 0.0, 0.0, 1.0],
                [1.0, 0.0, 0.0, 1.36998, 0.0, 0.0, -1.0, 4.117423, 0.0, 1.0, 0.0, 0.000704, 0.0, 0.0, 0.0, 1.0],
                [1.0, 0.0, 0.0, 1.355364, 0.0, 0.0, -1.0, 4.116092, 0.0, 1.0, 0.0, 0.000704, 0.0, 0.0, 0.0, 1.0],
                [1.0, 0.0, 0.0, 1.339469, 0.0, 0.0, -1.0, 4.114602, 0.0, 1.0, 0.0, 0.000704, 0.0, 0.0, 0.0, 1.0],
                [1.0, 0.0, 0.0, 1.322323, 0.0, 0.0, -1.0, 4.112942, 0.0, 1.0, 0.0, 0.000704, 0.0, 0.0, 0.0, 1.0],
                [1.0, 0.0, 0.0, 1.303954, 0.0, 0.0, -1.0, 4.111097, 0.0, 1.0, 0.0, 0.000704, 0.0, 0.0, 0.0, 1.0],
                [1.0, 0.0, 0.0, 1.284392, 0.0, 0.0, -1.0, 4.109058, 0.0, 1.0, 0.0, 0.000704, 0.0, 0.0, 0.0, 1.0],
                [1.0, 0.0, 0.0, 1.263665, 0.0, 0.0, -1.0, 4.106812, 0.0, 1.0, 0.0, 0.000704, 0.0, 0.0, 0.0, 1.0],
                [1.0, 0.0, 0.0, 1.241801, 0.0, 0.0, -1.0, 4.104345, 0.0, 1.0, 0.0, 0.000704, 0.0, 0.0, 0.0, 1.0],
                [1.0, 0.0, 0.0, 1.21883, 0.0, 0.0, -1.0, 4.101646, 0.0, 1.0, 0.0, 0.000704, 0.0, 0.0, 0.0, 1.0],
                [1.0, 0.0, 0.0, 1.194787, 0.0, 0.0, -1.0, 4.098785, 0.0, 1.0, 0.0, 0.000704, 0.0, 0.0, 0.0, 1.0],
                [1.0, 0.0, 0.0, 1.169747, 0.0, 0.0, -1.0, 4.095842, 0.0, 1.0, 0.0, 0.000704, 0.0, 0.0, 0.0, 1.0],
                [1.0, 0.0, 0.0, 1.143791, 0.0, 0.0, -1.0, 4.092828, 0.0, 1.0, 0.0, 0.000704, 0.0, 0.0, 0.0, 1.0],
                [1.0, 0.0, 0.0, 1.116999, 0.0, 0.0, -1.0, 4.089747, 0.0, 1.0, 0.0, 0.000704, 0.0, 0.0, 0.0, 1.0],
                [1.0, 0.0, 0.0, 1.089456, 0.0, 0.0, -1.0, 4.086611, 0.0, 1.0, 0.0, 0.000704, 0.0, 0.0, 0.0, 1.0],
                [1.0, 0.0, 0.0, 1.06124, 0.0, 0.0, -1.0, 4.083424, 0.0, 1.0, 0.0, 0.000704, 0.0, 0.0, 0.0, 1.0],
                [1.0, 0.0, 0.0, 1.032435, 0.0, 0.0, -1.0, 4.080194, 0.0, 1.0, 0.0, 0.000704, 0.0, 0.0, 0.0, 1.0],
                [1.0, 0.0, 0.0, 1.003122, 0.0, 0.0, -1.0, 4.076931, 0.0, 1.0, 0.0, 0.000704, 0.0, 0.0, 0.0, 1.0],
                [1.0, 0.0, 0.0, 0.973382, 0.0, 0.0, -1.0, 4.073641, 0.0, 1.0, 0.0, 0.000704, 0.0, 0.0, 0.0, 1.0],
                [1.0, 0.0, 0.0, 0.943297, 0.0, 0.0, -1.0, 4.070333, 0.0, 1.0, 0.0, 0.000704, 0.0, 0.0, 0.0, 1.0],
                [1.0, 0.0, 0.0, 0.912948, 0.0, 0.0, -1.0, 4.067013, 0.0, 1.0, 0.0, 0.000704, 0.0, 0.0, 0.0, 1.0],
                [1.0, 0.0, 0.0, 0.882418, 0.0, 0.0, -1.0, 4.06369, 0.0, 1.0, 0.0, 0.000704, 0.0, 0.0, 0.0, 1.0],
                [1.0, 0.0, 0.0, 0.851788, 0.0, 0.0, -1.0, 4.06037, 0.0, 1.0, 0.0, 0.000704, 0.0, 0.0, 0.0, 1.0],
                [1.0, 0.0, 0.0, 0.821139, 0.0, 0.0, -1.0, 4.057064, 0.0, 1.0, 0.0, 0.000704, 0.0, 0.0, 0.0, 1.0],
                [1.0, 0.0, 0.0, 0.790554, 0.0, 0.0, -1.0, 4.053777, 0.0, 1.0, 0.0, 0.000704, 0.0, 0.0, 0.0, 1.0],
                [1.0, 0.0, 0.0, 0.760113, 0.0, 0.0, -1.0, 4.050517, 0.0, 1.0, 0.0, 0.000704, 0.0, 0.0, 0.0, 1.0],
                [1.0, 0.0, 0.0, 0.729898, 0.0, 0.0, -1.0, 4.047292, 0.0, 1.0, 0.0, 0.000704, 0.0, 0.0, 0.0, 1.0],
                [1.0, 0.0, 0.0, 0.699991, 0.0, 0.0, -1.0, 4.04411, 0.0, 1.0, 0.0, 0.000704, 0.0, 0.0, 0.0, 1.0],
                [1.0, 0.0, 0.0, 0.670474, 0.0, 0.0, -1.0, 4.040979, 0.0, 1.0, 0.0, 0.000704, 0.0, 0.0, 0.0, 1.0],
                [1.0, 0.0, 0.0, 0.641428, 0.0, 0.0, -1.0, 4.037907, 0.0, 1.0, 0.0, 0.000704, 0.0, 0.0, 0.0, 1.0],
                [1.0, 0.0, 0.0, 0.612936, 0.0, 0.0, -1.0, 4.0349, 0.0, 1.0, 0.0, 0.000704, 0.0, 0.0, 0.0, 1.0],
                [1.0, 0.0, 0.0, 0.585085, 0.0, 0.0, -1.0, 4.031968, 0.0, 1.0, 0.0, 0.000704, 0.0, 0.0, 0.0, 1.0],
                [1.0, 0.0, 0.0, 0.557964, 0.0, 0.0, -1.0, 4.029119, 0.0, 1.0, 0.0, 0.000704, 0.0, 0.0, 0.0, 1.0],
                [1.0, 0.0, 0.0, 0.531662, 0.0, 0.0, -1.0, 4.026361, 0.0, 1.0, 0.0, 0.000704, 0.0, 0.0, 0.0, 1.0],
                [1.0, 0.0, 0.0, 0.506267, 0.0, 0.0, -1.0, 4.023705, 0.0, 1.0, 0.0, 0.000704, 0.0, 0.0, 0.0, 1.0],
                [1.0, 0.0, 0.0, 0.481868, 0.0, 0.0, -1.0, 4.021157, 0.0, 1.0, 0.0, 0.000704, 0.0, 0.0, 0.0, 1.0],
                [1.0, 0.0, 0.0, 0.458553, 0.0, 0.0, -1.0, 4.018727, 0.0, 1.0, 0.0, 0.000704, 0.0, 0.0, 0.0, 1.0],
                [1.0, 0.0, 0.0, 0.436412, 0.0, 0.0, -1.0, 4.016424, 0.0, 1.0, 0.0, 0.000704, 0.0, 0.0, 0.0, 1.0],
                [1.0, 0.0, 0.0, 0.415533, 0.0, 0.0, -1.0, 4.014256, 0.0, 1.0, 0.0, 0.000704, 0.0, 0.0, 0.0, 1.0],
                [1.0, 0.0, 0.0, 0.396004, 0.0, 0.0, -1.0, 4.01223, 0.0, 1.0, 0.0, 0.000704, 0.0, 0.0, 0.0, 1.0],
                [1.0, 0.0, 0.0, 0.377915, 0.0, 0.0, -1.0, 4.010356, 0.0, 1.0, 0.0, 0.000704, 0.0, 0.0, 0.0, 1.0],
                [1.0, 0.0, 0.0, 0.361353, 0.0, 0.0, -1.0, 4.008643, 0.0, 1.0, 0.0, 0.000704, 0.0, 0.0, 0.0, 1.0],
                [1.0, 0.0, 0.0, 0.346408, 0.0, 0.0, -1.0, 4.0071, 0.0, 1.0, 0.0, 0.000704, 0.0, 0.0, 0.0, 1.0],
                [1.0, 0.0, 0.0, 0.333168, 0.0, 0.0, -1.0, 4.005734, 0.0, 1.0, 0.0, 0.000704, 0.0, 0.0, 0.0, 1.0],
                [1.0, 0.0, 0.0, 0.321721, 0.0, 0.0, -1.0, 4.004556, 0.0, 1.0, 0.0, 0.000704, 0.0, 0.0, 0.0, 1.0],
                [1.0, 0.0, 0.0, 0.312157, 0.0, 0.0, -1.0, 4.003572, 0.0, 1.0, 0.0, 0.000704, 0.0, 0.0, 0.0, 1.0],
                [1.0, 0.0, 0.0, 0.304564, 0.0, 0.0, -1.0, 4.002791, 0.0, 1.0, 0.0, 0.000704, 0.0, 0.0, 0.0, 1.0],
                [1.0, 0.0, 0.0, 0.299031, 0.0, 0.0, -1.0, 4.002223, 0.0, 1.0, 0.0, 0.000704, 0.0, 0.0, 0.0, 1.0],
                [1.0, 0.0, 0.0, 0.295646, 0.0, 0.0, -1.0, 4.001876, 0.0, 1.0, 0.0, 0.000704, 0.0, 0.0, 0.0, 1.0],
                [1.0, 0.0, 0.0, 0.294498, 0.0, 0.0, -1.0, 4.001758, 0.0, 1.0, 0.0, 0.000704, 0.0, 0.0, 0.0, 1.0],
                [1.0, 0.0, 0.0, 0.294498, 0.0, 0.0, -1.0, 4.001758, 0.0, 1.0, 0.0, 0.000704, 0.0, 0.0, 0.0, 1.0],
                [1.0, 0.0, 0.0, 0.294498, 0.0, 0.0, -1.0, 4.001758, 0.0, 1.0, 0.0, 0.000704, 0.0, 0.0, 0.0, 1.0]
            ]
        },
        {
            "name": "B_Calf_L_IK",
            "time": [0.0, 0.0167, 0.0333, 0.05, 0.0667, 0.0833, 0.1, 0.1167, 0.1333, 0.15, 0.1667, 0.1833, 0.2, 0.2167, 0.2333, 0.25, 0.2667, 0.2833, 0.3, 0.3167, 0.3333, 0.35, 0.3667, 0.3833, 0.4, 0.4167, 0.4333, 0.45, 0.4667, 0.4833, 0.5, 0.5167, 0.5333, 0.55, 0.5667, 0.5833, 0.6, 0.6167, 0.6333, 0.65, 0.6667, 0.6833, 0.7, 0.7167, 0.7333, 0.75, 0.7667, 0.7833, 0.8, 0.8167, 0.8333, 0.85, 0.8667, 0.8833, 0.9, 0.9167, 0.9333, 0.95, 0.9667, 0.9833, 1.0, 1.0167, 1.0333, 1.05, 1.0667, 1.0833, 1.1, 1.1167, 1.1333, 1.15, 1.1667, 1.1833, 1.2, 1.2167, 1.2333, 1.25, 1.2667, 1.2833, 1.3, 1.3167, 1.3333, 1.35, 1.3667, 1.3833, 1.4, 1.4167, 1.4333, 1.45, 1.4667, 1.4833, 1.5, 1.5167, 1.5333, 1.55, 1.5667, 1.5833, 1.6, 1.6167, 1.6333, 1.65, 1.6667, 1.6833, 1.7, 1.7167, 1.7333, 1.75, 1.7667, 1.7833, 1.8, 1.8167, 1.8333, 1.85, 1.8667, 1.8833, 1.9, 1.9167, 1.9333, 1.95, 1.9667, 1.9833, 2.0, 2.0167, 2.0333, 2.05, 2.0667, 2.0833, 2.1, 2.1167, 2.1333, 2.15, 2.1667, 2.1833, 2.2, 2.2167, 2.2333, 2.25, 2.2667, 2.2833, 2.3, 2.3167, 2.3333, 2.35, 2.3667, 2.3833, 2.4, 2.4167, 2.4333, 2.45, 2.4667, 2.4833, 2.5, 2.5167, 2.5333, 2.55, 2.5667, 2.5833, 2.6, 2.6167, 2.6333, 2.65, 2.6667, 2.6833, 2.7],
            "transform": [
                [-0.00023, -0.306266, 0.951946, -0.714498, -1.0, 5.8e-05, -0.000223, 0.349963, 1.3e-05, -0.951946, -0.306266, 1.020675, 0.0, 0.0, 0.0, 1.0],
                [-0.00023, -0.306253, 0.95195, -0.712543, -1.0, 5.8e-05, -0.000223, 0.349963, 1.3e-05, -0.95195, -0.306253, 1.021667, 0.0, 0.0, 0.0, 1.0],
                [-0.00023, -0.306253, 0.95195, -0.707881, -1.0, 5.8e-05, -0.000223, 0.349963, 1.3e-05, -0.95195, -0.306253, 1.024899, 0.0, 0.0, 0.0, 1.0],
                [-0.00023, -0.306253, 0.95195, -0.702317, -1.0, 5.8e-05, -0.000223, 0.349963, 1.3e-05, -0.95195, -0.306253, 1.030762, 0.0, 0.0, 0.0, 1.0],
                [-0.00023, -0.306253, 0.95195, -0.697655, -1.0, 5.8e-05, -0.000223, 0.349963, 1.3e-05, -0.95195, -0.306253, 1.039643, 0.0, 0.0, 0.0, 1.0],
                [-0.00023, -0.306253, 0.95195, -0.695701, -1.0, 5.8e-05, -0.000223, 0.349963, 1.3e-05, -0.95195, -0.306253, 1.051931, 0.0, 0.0, 0.0, 1.0],
                [-0.00023, -0.306253, 0.95195, -0.696419, -1.0, 5.8e-05, -0.000223, 0.349963, 1.3e-05, -0.95195, -0.306253, 1.066876, 0.0, 0.0, 0.0, 1.0],
                [-0.00023, -0.306253, 0.95195, -0.698497, -1.0, 5.8e-05, -0.000223, 0.349963, 1.3e-05, -0.95195, -0.306253, 1.083606, 0.0, 0.0, 0.0, 1.0],
                [-0.00023, -0.306253, 0.95195, -0.701813, -1.0, 5.8e-05, -0.000223, 0.349963, 1.3e-05, -0.95195, -0.306253, 1.102318, 0.0, 0.0, 0.0, 1.0],
                [-0.00023, -0.306253, 0.95195, -0.706249, -1.0, 5.8e-05, -0.000223, 0.349963, 1.3e-05, -0.95195, -0.306253, 1.123213, 0.0, 0.0, 0.0, 1.0],
                [-0.00023, -0.306253, 0.95195, -0.711686, -1.0, 5.8e-05, -0.000223, 0.349963, 1.3e-05, -0.95195, -0.306253, 1.146488, 0.0, 0.0, 0.0, 1.0],
                [-0.00023, -0.306253, 0.95195, -0.718003, -1.0, 5.8e-05, -0.000223, 0.349963, 1.3e-05, -0.95195, -0.306253, 1.172344, 0.0, 0.0, 0.0, 1.0],
                [-0.00023, -0.306253, 0.95195, -0.725083, -1.0, 5.8e-05, -0.000223, 0.349963, 1.3e-05, -0.95195, -0.306253, 1.200979, 0.0, 0.0, 0.0, 1.0],
                [-0.00023, -0.306253, 0.95195, -0.732805, -1.0, 5.8e-05, -0.000223, 0.349963, 1.3e-05, -0.95195, -0.306253, 1.232593, 0.0, 0.0, 0.0, 1.0],
                [-0.015736, -0.286352, 0.957995, -0.73305, -0.998349, -0.048442, -0.030878, 0.369058, 0.055249, -0.956899, -0.285116, 1.225749, 0.0, 0.0, 0.0, 1.0],
                [-0.049826, -0.232356, 0.971354, -0.714972, -0.983175, -0.159722, -0.088639, 0.411064, 0.175742, -0.959427, -0.220488, 1.149318, 0.0, 0.0, 0.0, 1.0],
                [-0.083855, -0.153242, 0.984624, -0.674356, -0.952418, -0.278245, -0.124417, 0.453066, 0.293033, -0.948207, -0.122619, 1.01895, 0.0, 0.0, 0.0, 1.0],
                [-0.099292, -0.059043, 0.993305, -0.606991, -0.933443, -0.340285, -0.113535, 0.472145, 0.34471, -0.938467, -0.021326, 0.850302, 0.0, 0.0, 0.0, 1.0],
                [-0.094729, 0.040757, 0.994668, -0.512944, -0.94077, -0.330405, -0.076058, 0.466051, 0.325544, -0.942958, 0.069642, 0.661811, 0.0, 0.0, 0.0, 1.0],
                [-0.082953, 0.1395, 0.986741, -0.409419, -0.957747, -0.284783, -0.040255, 0.449943, 0.275391, -0.948387, 0.157229, 0.48306, 0.0, 0.0, 0.0, 1.0],
                [-0.066832, 0.231139, 0.970623, -0.31791, -0.976401, -0.215376, -0.015941, 0.427015, 0.205365, -0.948782, 0.240078, 0.346418, 0.0, 0.0, 0.0, 1.0],
                [-0.049246, 0.310049, 0.949444, -0.255326, -0.990601, -0.136617, -0.006767, 0.400761, 0.127612, -0.940853, 0.313862, 0.276059, 0.0, 0.0, 0.0, 1.0],
                [-0.03309, 0.371369, 0.927896, -0.220238, -0.997917, -0.063718, -0.010085, 0.375853, 0.055379, -0.926296, 0.372703, 0.263385, 0.0, 0.0, 0.0, 1.0],
                [-0.021269, 0.41099, 0.911392, -0.206634, -0.999771, -0.010825, -0.01845, 0.357264, 0.002283, -0.911575, 0.411126, 0.291603, 0.0, 0.0, 0.0, 1.0],
                [-0.016684, 0.4251, 0.904993, -0.208503, -0.999693, 0.009495, -0.022889, 0.349963, -0.018323, -0.905097, 0.424811, 0.343921, 0.0, 0.0, 0.0, 1.0],
                [-0.016684, 0.4251, 0.904993, -0.215847, -0.999693, 0.009495, -0.022889, 0.349963, -0.018323, -0.905097, 0.424811, 0.402207, 0.0, 0.0, 0.0, 1.0],
                [-0.016684, 0.4251, 0.904993, -0.22263, -0.999693, 0.009495, -0.022889, 0.349963, -0.018323, -0.905097, 0.424811, 0.459074, 0.0, 0.0, 0.0, 1.0],
                [-0.016684, 0.4251, 0.904993, -0.228773, -0.999693, 0.009495, -0.022889, 0.349963, -0.018323, -0.905097, 0.424811, 0.513848, 0.0, 0.0, 0.0, 1.0],
                [-0.016684, 0.4251, 0.904993, -0.234202, -0.999693, 0.009495, -0.022889, 0.349963, -0.018323, -0.905097, 0.424811, 0.565855, 0.0, 0.0, 0.0, 1.0],
                [-0.016684, 0.4251, 0.904993, -0.238864, -0.999693, 0.009495, -0.022889, 0.349963, -0.018323, -0.905097, 0.424811, 0.614536, 0.0, 0.0, 0.0, 1.0],
                [-0.016684, 0.4251, 0.904993, -0.242799, -0.999693, 0.009495, -0.022889, 0.349963, -0.018323, -0.905097, 0.424811, 0.659793, 0.0, 0.0, 0.0, 1.0],
                [-0.016684, 0.4251, 0.904993, -0.246069, -0.999693, 0.009495, -0.022889, 0.349963, -0.018323, -0.905097, 0.424811, 0.701642, 0.0, 0.0, 0.0, 1.0],
                [-0.016684, 0.4251, 0.904993, -0.248737, -0.999693, 0.009495, -0.022889, 0.349963, -0.018323, -0.905097, 0.424811, 0.7401, 0.0, 0.0, 0.0, 1.0],
                [-0.016684, 0.4251, 0.904993, -0.250868, -0.999693, 0.009495, -0.022889, 0.349963, -0.018323, -0.905097, 0.424811, 0.775184, 0.0, 0.0, 0.0, 1.0],
                [-0.016684, 0.4251, 0.904993, -0.252523, -0.999693, 0.009495, -0.022889, 0.349963, -0.018323, -0.905097, 0.424811, 0.80691, 0.0, 0.0, 0.0, 1.0],
                [-0.016684, 0.4251, 0.904993, -0.253766, -0.999693, 0.009495, -0.022889, 0.349963, -0.018323, -0.905097, 0.424811, 0.835296, 0.0, 0.0, 0.0, 1.0],
                [-0.016684, 0.4251, 0.904993, -0.25466, -0.999693, 0.009495, -0.022889, 0.349963, -0.018323, -0.905097, 0.424811, 0.860358, 0.0, 0.0, 0.0, 1.0],
                [-0.016684, 0.4251, 0.904993, -0.255268, -0.999693, 0.009495, -0.022889, 0.349963, -0.018323, -0.905097, 0.424811, 0.882113, 0.0, 0.0, 0.0, 1.0],
                [-0.016684, 0.4251, 0.904993, -0.255653, -0.999693, 0.009495, -0.022889, 0.349963, -0.018323, -0.905097, 0.424811, 0.900577, 0.0, 0.0, 0.0, 1.0],
                [-0.016684, 0.4251, 0.904993, -0.255879, -0.999693, 0.009495, -0.022889, 0.349963, -0.018323, -0.905097, 0.424811, 0.915768, 0.0, 0.0, 0.0, 1.0],
                [-0.016684, 0.4251, 0.904993, -0.256007, -0.999693, 0.009495, -0.022889, 0.349963, -0.018323, -0.905097, 0.424811, 0.927702, 0.0, 0.0, 0.0, 1.0],
                [-0.016684, 0.4251, 0.904993, -0.256104, -0.999693, 0.009495, -0.022889, 0.349963, -0.018323, -0.905097, 0.424811, 0.936652, 0.0, 0.0, 0.0, 1.0],
                [-0.016684, 0.4251, 0.904993, -0.256242, -0.999693, 0.009495, -0.022889, 0.349963, -0.018323, -0.905097, 0.424811, 0.943921, 0.0, 0.0, 0.0, 1.0],
                [-0.016684, 0.4251, 0.904993, -0.256495, -0.999693, 0.009495, -0.022889, 0.349963, -0.018323, -0.905097, 0.424811, 0.951067, 0.0, 0.0, 0.0, 1.0],
                [-0.016684, 0.4251, 0.904993, -0.256939, -0.999693, 0.009495, -0.022889, 0.349963, -0.018323, -0.905097, 0.424811, 0.959648, 0.0, 0.0, 0.0, 1.0],
                [-0.016684, 0.4251, 0.904993, -0.257648, -0.999693, 0.009495, -0.022889, 0.349963, -0.018323, -0.905097, 0.424811, 0.971223, 0.0, 0.0, 0.0, 1.0],
                [-0.016684, 0.4251, 0.904993, -0.258697, -0.999693, 0.009495, -0.022889, 0.349963, -0.018323, -0.905097, 0.424811, 0.987351, 0.0, 0.0, 0.0, 1.0],
                [-0.016684, 0.4251, 0.904993, -0.26016, -0.999693, 0.009495, -0.022889, 0.349963, -0.018323, -0.905097, 0.424811, 1.009589, 0.0, 0.0, 0.0, 1.0],
                [-0.016684, 0.4251, 0.904993, -0.262112, -0.999693, 0.009495, -0.022889, 0.349963, -0.018323, -0.905097, 0.424811, 1.039497, 0.0, 0.0, 0.0, 1.0],
                [-0.016684, 0.4251, 0.904993, -0.264629, -0.999693, 0.009495, -0.022889, 0.349963, -0.018323, -0.905097, 0.424811, 1.078632, 0.0, 0.0, 0.0, 1.0],
                [-0.016684, 0.4251, 0.904993, -0.267784, -0.999693, 0.009495, -0.022889, 0.349963, -0.018323, -0.905097, 0.424811, 1.128554, 0.0, 0.0, 0.0, 1.0],
                [-0.016684, 0.4251, 0.904993, -0.271652, -0.999693, 0.009495, -0.022889, 0.349963, -0.018323, -0.905097, 0.424811, 1.190821, 0.0, 0.0, 0.0, 1.0],
                [-0.016684, 0.4251, 0.904993, -0.276308, -0.999693, 0.009495, -0.022889, 0.349963, -0.018323, -0.905097, 0.424811, 1.266992, 0.0, 0.0, 0.0, 1.0],
                [-0.017276, 0.419341, 0.907664, -0.294488, -0.999754, 0.005371, -0.02151, 0.350401, -0.013896, -0.907812, 0.419146, 1.36037, 0.0, 0.0, 0.0, 1.0],
                [-0.018756, 0.402816, 0.915089, -0.334435, -0.999821, -0.009683, -0.01623, 0.353472, 0.002323, -0.91523, 0.402925, 1.471442, 0.0, 0.0, 0.0, 1.0],
                [-0.02068, 0.376558, 0.926162, -0.389492, -0.999183, -0.039961, -0.006063, 0.361805, 0.034727, -0.92553, 0.377077, 1.597538, 0.0, 0.0, 0.0, 1.0],
                [-0.022604, 0.341559, 0.939588, -0.452996, -0.995897, -0.090066, 0.008782, 0.378033, 0.087625, -0.935535, 0.342193, 1.735986, 0.0, 0.0, 0.0, 1.0],
                [-0.024082, 0.298838, 0.954, -0.51829, -0.986004, -0.164577, 0.026664, 0.404788, 0.164974, -0.940005, 0.298618, 1.884117, 0.0, 0.0, 0.0, 1.0],
                [-0.024669, 0.249504, 0.968059, -0.578712, -0.962617, -0.267211, 0.04434, 0.444701, 0.26974, -0.930777, 0.246768, 2.03926, 0.0, 0.0, 0.0, 1.0],
                [-0.015202, 0.194537, 0.980777, -0.582125, -0.917091, -0.393532, 0.063843, 0.500302, 0.398387, -0.898492, 0.18439, 2.144157, 0.0, 0.0, 0.0, 1.0],
                [0.007842, 0.133774, 0.990981, -0.51347, -0.848922, -0.522835, 0.077296, 0.564387, 0.52846, -0.841872, 0.109464, 2.16579, 0.0, 0.0, 0.0, 1.0],
                [0.036429, 0.066905, 0.997094, -0.425117, -0.770235, -0.633833, 0.070671, 0.624984, 0.636719, -0.770571, 0.028442, 2.130108, 0.0, 0.0, 0.0, 1.0],
                [0.062519, -0.006089, 0.998025, -0.37041, -0.703645, -0.709439, 0.03975, 0.670122, 0.707796, -0.704741, -0.048638, 2.06084, 0.0, 0.0, 0.0, 1.0],
                [0.078104, -0.085123, 0.993304, -0.402693, -0.675709, -0.7371, -0.010036, 0.687828, 0.733019, -0.670401, -0.115089, 1.981721, 0.0, 0.0, 0.0, 1.0],
                [0.084726, -0.16915, 0.981942, -0.500323, -0.70657, -0.705053, -0.060487, 0.673411, 0.702553, -0.688686, -0.179253, 1.909504, 0.0, 0.0, 0.0, 1.0],
                [0.089457, -0.253219, 0.963264, -0.604206, -0.780471, -0.618658, -0.090149, 0.635399, 0.618759, -0.743735, -0.252973, 1.839407, 0.0, 0.0, 0.0, 1.0],
                [0.092619, -0.33171, 0.938824, -0.705509, -0.865615, -0.492788, -0.088718, 0.581652, 0.492069, -0.804443, -0.332774, 1.775014, 0.0, 0.0, 0.0, 1.0],
                [0.094532, -0.399591, 0.911806, -0.793684, -0.935255, -0.349484, -0.056196, 0.520029, 0.341117, -0.847459, -0.406758, 1.721217, 0.0, 0.0, 0.0, 1.0],
                [0.095513, -0.452578, 0.886595, -0.858182, -0.976309, -0.216317, -0.005245, 0.45839, 0.194159, -0.865089, -0.462517, 1.682908, 0.0, 0.0, 0.0, 1.0],
                [0.095874, -0.486992, 0.868129, -0.888454, -0.991875, -0.120002, 0.042224, 0.404595, 0.083614, -0.865123, -0.49454, 1.664977, 0.0, 0.0, 0.0, 1.0],
                [0.095926, -0.49931, 0.861096, -0.895151, -0.994569, -0.083184, 0.06256, 0.366502, 0.040393, -0.86242, -0.504578, 1.669771, 0.0, 0.0, 0.0, 1.0],
                [0.080575, -0.499864, 0.862347, -0.890059, -0.995918, -0.07568, 0.049187, 0.345209, 0.040675, -0.862791, -0.503922, 1.684289, 0.0, 0.0, 0.0, 1.0],
                [0.046741, -0.500664, 0.864379, -0.87433, -0.998054, -0.059154, 0.019706, 0.334271, 0.041265, -0.863618, -0.502454, 1.6976, 0.0, 0.0, 0.0, 1.0],
                [0.012853, -0.500887, 0.865417, -0.857821, -0.999043, -0.042621, -0.009831, 0.330239, 0.041809, -0.864462, -0.500955, 1.709017, 0.0, 0.0, 0.0, 1.0],
                [-0.002558, -0.500797, 0.865561, -0.850387, -0.999113, -0.035109, -0.023266, 0.329662, 0.042041, -0.864852, -0.500263, 1.717859, 0.0, 0.0, 0.0, 1.0],
                [-0.002558, -0.500797, 0.865561, -0.850615, -0.999113, -0.035109, -0.023266, 0.329662, 0.042041, -0.864852, -0.500263, 1.723485, 0.0, 0.0, 0.0, 1.0],
                [-0.002558, -0.500797, 0.865561, -0.850647, -0.999113, -0.035109, -0.023266, 0.329662, 0.042041, -0.864852, -0.500263, 1.72545, 0.0, 0.0, 0.0, 1.0],
                [-0.002558, -0.500797, 0.865561, -0.850645, -0.999113, -0.035109, -0.023266, 0.329662, 0.042041, -0.864852, -0.500263, 1.725486, 0.0, 0.0, 0.0, 1.0],
                [-0.002558, -0.500797, 0.865561, -0.850634, -0.999113, -0.035109, -0.023266, 0.329662, 0.042041, -0.864852, -0.500263, 1.72559, 0.0, 0.0, 0.0, 1.0],
                [-0.002558, -0.500797, 0.865561, -0.850603, -0.999113, -0.035109, -0.023266, 0.329662, 0.042041, -0.864852, -0.500263, 1.725755, 0.0, 0.0, 0.0, 1.0],
                [-0.002558, -0.500797, 0.865561, -0.850543, -0.999113, -0.035109, -0.023266, 0.329662, 0.042041, -0.864852, -0.500263, 1.725975, 0.0, 0.0, 0.0, 1.0],
                [-0.002558, -0.500797, 0.865561, -0.850443, -0.999113, -0.035109, -0.023266, 0.329662, 0.042041, -0.864852, -0.500263, 1.726243, 0.0, 0.0, 0.0, 1.0],
                [-0.002558, -0.500797, 0.865561, -0.850295, -0.999113, -0.035109, -0.023266, 0.329662, 0.042041, -0.864852, -0.500263, 1.726554, 0.0, 0.0, 0.0, 1.0],
                [-0.002558, -0.500797, 0.865561, -0.850088, -0.999113, -0.035109, -0.023266, 0.329662, 0.042041, -0.864852, -0.500263, 1.7269, 0.0, 0.0, 0.0, 1.0],
                [-0.002558, -0.500797, 0.865561, -0.849813, -0.999113, -0.035109, -0.023266, 0.329662, 0.042041, -0.864852, -0.500263, 1.727276, 0.0, 0.0, 0.0, 1.0],
                [-0.002558, -0.500797, 0.865561, -0.849459, -0.999113, -0.035109, -0.023266, 0.329662, 0.042041, -0.864852, -0.500263, 1.727676, 0.0, 0.0, 0.0, 1.0],
                [-0.002558, -0.500797, 0.865561, -0.849018, -0.999113, -0.035109, -0.023266, 0.329662, 0.042041, -0.864852, -0.500263, 1.728091, 0.0, 0.0, 0.0, 1.0],
                [-0.002558, -0.500797, 0.865561, -0.848478, -0.999113, -0.035109, -0.023266, 0.329662, 0.042041, -0.864852, -0.500263, 1.728517, 0.0, 0.0, 0.0, 1.0],
                [-0.002558, -0.500797, 0.865561, -0.847831, -0.999113, -0.035109, -0.023266, 0.329662, 0.042041, -0.864852, -0.500263, 1.728947, 0.0, 0.0, 0.0, 1.0],
                [-0.002558, -0.500797, 0.865561, -0.847067, -0.999113, -0.035109, -0.023266, 0.329662, 0.042041, -0.864852, -0.500263, 1.729374, 0.0, 0.0, 0.0, 1.0],
                [-0.002558, -0.500797, 0.865561, -0.846176, -0.999113, -0.035109, -0.023266, 0.329662, 0.042041, -0.864852, -0.500263, 1.729793, 0.0, 0.0, 0.0, 1.0],
                [-0.002558, -0.500797, 0.865561, -0.845148, -0.999113, -0.035109, -0.023266, 0.329662, 0.042041, -0.864852, -0.500263, 1.730196, 0.0, 0.0, 0.0, 1.0],
                [-0.002558, -0.500797, 0.865561, -0.843973, -0.999113, -0.035109, -0.023266, 0.329662, 0.042041, -0.864852, -0.500263, 1.730578, 0.0, 0.0, 0.0, 1.0],
                [-0.002558, -0.500797, 0.865561, -0.842642, -0.999113, -0.035109, -0.023266, 0.329662, 0.042041, -0.864852, -0.500263, 1.730932, 0.0, 0.0, 0.0, 1.0],
                [-0.002558, -0.500797, 0.865561, -0.841145, -0.999113, -0.035109, -0.023266, 0.329662, 0.042041, -0.864852, -0.500263, 1.731251, 0.0, 0.0, 0.0, 1.0],
                [-0.002558, -0.500797, 0.865561, -0.839471, -0.999113, -0.035109, -0.023266, 0.329662, 0.042041, -0.864852, -0.500263, 1.73153, 0.0, 0.0, 0.0, 1.0],
                [-0.002558, -0.500797, 0.865561, -0.837612, -0.999113, -0.035109, -0.023266, 0.329662, 0.042041, -0.864852, -0.500263, 1.731762, 0.0, 0.0, 0.0, 1.0],
                [-0.002558, -0.500797, 0.865561, -0.835557, -0.999113, -0.035109, -0.023266, 0.329662, 0.042041, -0.864852, -0.500263, 1.73194, 0.0, 0.0, 0.0, 1.0],
                [-0.002558, -0.500797, 0.865561, -0.833297, -0.999113, -0.035109, -0.023266, 0.329662, 0.042041, -0.864852, -0.500263, 1.732058, 0.0, 0.0, 0.0, 1.0],
                [-0.002558, -0.500797, 0.865561, -0.830822, -0.999113, -0.035109, -0.023266, 0.329662, 0.042041, -0.864852, -0.500263, 1.73211, 0.0, 0.0, 0.0, 1.0],
                [-0.002558, -0.500797, 0.865561, -0.828123, -0.999113, -0.035109, -0.023266, 0.329662, 0.042041, -0.864852, -0.500263, 1.73209, 0.0, 0.0, 0.0, 1.0],
                [-0.002558, -0.500797, 0.865561, -0.825188, -0.999113, -0.035109, -0.023266, 0.329662, 0.042041, -0.864852, -0.500263, 1.731991, 0.0, 0.0, 0.0, 1.0],
                [-0.002558, -0.500797, 0.865561, -0.822009, -0.999113, -0.035109, -0.023266, 0.329662, 0.042041, -0.864852, -0.500263, 1.731807, 0.0, 0.0, 0.0, 1.0],
                [-0.002558, -0.500797, 0.865561, -0.818576, -0.999113, -0.035109, -0.023266, 0.329662, 0.042041, -0.864852, -0.500263, 1.731529, 0.0, 0.0, 0.0, 1.0],
                [-0.002558, -0.500797, 0.865561, -0.814879, -0.999113, -0.035109, -0.023266, 0.329662, 0.042041, -0.864852, -0.500263, 1.731156, 0.0, 0.0, 0.0, 1.0],
                [-0.002558, -0.500797, 0.865561, -0.810908, -0.999113, -0.035109, -0.023266, 0.329662, 0.042041, -0.864852, -0.500263, 1.730676, 0.0, 0.0, 0.0, 1.0],
                [-0.002558, -0.500797, 0.865561, -0.806048, -0.999113, -0.035109, -0.023266, 0.329662, 0.042041, -0.864852, -0.500263, 1.73011, 0.0, 0.0, 0.0, 1.0],
                [-0.002558, -0.500797, 0.865561, -0.799709, -0.999113, -0.035109, -0.023266, 0.329662, 0.042041, -0.864852, -0.500263, 1.729472, 0.0, 0.0, 0.0, 1.0],
                [-0.002558, -0.500797, 0.865561, -0.791918, -0.999113, -0.035109, -0.023266, 0.329662, 0.042041, -0.864852, -0.500263, 1.72875, 0.0, 0.0, 0.0, 1.0],
                [-0.002558, -0.500797, 0.865561, -0.782706, -0.999113, -0.035109, -0.023266, 0.329662, 0.042041, -0.864852, -0.500263, 1.727929, 0.0, 0.0, 0.0, 1.0],
                [-0.002558, -0.500797, 0.865561, -0.772099, -0.999113, -0.035109, -0.023266, 0.329662, 0.042041, -0.864852, -0.500263, 1.727, 0.0, 0.0, 0.0, 1.0],
                [-0.002558, -0.500797, 0.865561, -0.760128, -0.999113, -0.035109, -0.023266, 0.329662, 0.042041, -0.864852, -0.500263, 1.725948, 0.0, 0.0, 0.0, 1.0],
                [-0.002558, -0.500797, 0.865561, -0.74682, -0.999113, -0.035109, -0.023266, 0.329662, 0.042041, -0.864852, -0.500263, 1.724762, 0.0, 0.0, 0.0, 1.0],
                [-0.002558, -0.500797, 0.865561, -0.732205, -0.999113, -0.035109, -0.023266, 0.329662, 0.042041, -0.864852, -0.500263, 1.723431, 0.0, 0.0, 0.0, 1.0],
                [-0.002558, -0.500797, 0.865561, -0.716309, -0.999113, -0.035109, -0.023266, 0.329662, 0.042041, -0.864852, -0.500263, 1.721941, 0.0, 0.0, 0.0, 1.0],
                [-0.002558, -0.500797, 0.865561, -0.699163, -0.999113, -0.035109, -0.023266, 0.329662, 0.042041, -0.864852, -0.500263, 1.720281, 0.0, 0.0, 0.0, 1.0],
