{
    "animation": [
        {
            "name": "Root",
            "time": [0.0, 0.0167, 0.0333, 0.05, 0.0667, 0.0833, 0.1, 0.1167, 0.1333, 0.15, 0.1667, 0.1833, 0.2, 0.2167, 0.2333, 0.25, 0.2667, 0.2833, 0.3, 0.3167, 0.3333, 0.35, 0.3667, 0.3833, 0.4, 0.4167, 0.4333, 0.45, 0.4667, 0.4833, 0.5, 0.5167, 0.5333, 0.55, 0.5667, 0.5833, 0.6, 0.6167, 0.6333, 0.65, 0.6667, 0.6833, 0.7, 0.7167, 0.7333, 0.75, 0.7667, 0.7833, 0.8, 0.8167, 0.8333, 0.85, 0.8667, 0.8833, 0.9, 0.9167, 0.9333, 0.95, 0.9667, 0.9833, 1.0, 1.0167, 1.0333, 1.05, 1.0667, 1.0833, 1.1, 1.1167, 1.1333, 1.15, 1.1667, 1.1833, 1.2, 1.2167, 1.2333, 1.25, 1.2667, 1.2833, 1.3, 1.3167, 1.3333, 1.35, 1.3667, 1.3833, 1.4, 1.4167, 1.4333, 1.45, 1.4667, 1.4833, 1.5, 1.5167, 1.5333, 1.55, 1.5667, 1.5833, 1.6, 1.6167, 1.6333, 1.65, 1.6667, 1.6833, 1.7, 1.7167, 1.7333, 1.75, 1.7667, 1.7833, 1.8, 1.8167, 1.8333, 1.85, 1.8667, 1.8833, 1.9, 1.9167, 1.9333, 1.95, 1.9667, 1.9833, 2.0, 2.0167, 2.0333, 2.05, 2.0667, 2.0833, 2.1, 2.1167, 2.1333, 2.15, 2.1667, 2.1833, 2.2, 2.2167, 2.2333, 2.25, 2.2667, 2.2833, 2.3, 2.3167, 2.3333, 2.35, 2.3667, 2.3833, 2.4, 2.4167, 2.4333, 2.45, 2.4667, 2.4833, 2.5, 2.5167, 2.5333, 2.55, 2.5667, 2.5833],
            "transform": [
                [1.0, 0.0, 0.0, 0.0, 0.0, 0.0, -1.0, 0.0, 0.0, 1.0, 0.0, 0.0, 0.0, 0.0, 0.0, 1.0],
                [1.0, 0.0, 0.0, -9.9e-05, 0.0, 0.0, -1.0, 0.067748, 0.0, 1.0, 0.0, 0.0, 0.0, 0.0, 0.0, 1.0],
                [1.0, 0.0, 0.0, -0.000789, 0.0, 0.0, -1.0, 0.121879, 0.0, 1.0, 0.0, 0.0, 0.0, 0.0, 0.0, 1.0],
                [1.0, 0.0, 0.0, -0.002663, 0.0, 0.0, -1.0, 0.164131, 0.0, 1.0, 0.0, 0.0, 0.0, 0.0, 0.0, 1.0],
                [1.0, 0.0, 0.0, -0.006311, 0.0, 0.0, -1.0, 0.19624, 0.0, 1.0, 0.0, 0.0, 0.0, 0.0, 0.0, 1.0],
                [1.0, 0.0, 0.0, -0.012326, 0.0, 0.0, -1.0, 0.219942, 0.0, 1.0, 0.0, 0.0, 0.0, 0.0, 0.0, 1.0],
                [1.0, 0.0, 0.0, -0.0213, 0.0, 0.0, -1.0, 0.236974, 0.0, 1.0, 0.0, 0.0, 0.0, 0.0, 0.0, 1.0],
                [1.0, 0.0, 0.0, -0.033824, 0.0, 0.0, -1.0, 0.249072, 0.0, 1.0, 0.0, 0.0, 0.0, 0.0, 0.0, 1.0],
                [1.0, 0.0, 0.0, -0.050489, 0.0, 0.0, -1.0, 0.257973, 0.0, 1.0, 0.0, 0.0, 0.0, 0.0, 0.0, 1.0],
                [1.0, 0.0, 0.0, -0.071888, 0.0, 0.0, -1.0, 0.265413, 0.0, 1.0, 0.0, 0.0, 0.0, 0.0, 0.0, 1.0],
                [1.0, 0.0, 0.0, -0.098611, 0.0, 0.0, -1.0, 0.273128, 0.0, 1.0, 0.0, 0.0, 0.0, 0.0, 0.0, 1.0],
                [1.0, 0.0, 0.0, -0.131252, 0.0, 0.0, -1.0, 0.282856, 0.0, 1.0, 0.0, 0.0, 0.0, 0.0, 0.0, 1.0],
                [1.0, 0.0, 0.0, -0.170401, 0.0, 0.0, -1.0, 0.296332, 0.0, 1.0, 0.0, 0.0, 0.0, 0.0, 0.0, 1.0],
                [1.0, 0.0, 0.0, -0.216649, 0.0, 0.0, -1.0, 0.315293, 0.0, 1.0, 0.0, 0.0, 0.0, 0.0, 0.0, 1.0],
                [1.0, 0.0, 0.0, -0.290369, 0.0, 0.0, -1.0, 0.341562, 0.0, 1.0, 0.0, 0.0, 0.0, 0.0, 0.0, 1.0],
                [1.0, 0.0, 0.0, -0.400599, 0.0, 0.0, -1.0, 0.375301, 0.0, 1.0, 0.0, 0.0, 0.0, 0.0, 0.0, 1.0],
                [1.0, 0.0, 0.0, -0.530935, 0.0, 0.0, -1.0, 0.415747, 0.0, 1.0, 0.0, 0.0, 0.0, 0.0, 0.0, 1.0],
                [1.0, 0.0, 0.0, -0.664975, 0.0, 0.0, -1.0, 0.462142, 0.0, 1.0, 0.0, 0.0, 0.0, 0.0, 0.0, 1.0],
                [1.0, 0.0, 0.0, -0.786315, 0.0, 0.0, -1.0, 0.513727, 0.0, 1.0, 0.0, 0.0, 0.0, 0.0, 0.0, 1.0],
                [1.0, 0.0, 0.0, -0.878549, 0.0, 0.0, -1.0, 0.569741, 0.0, 1.0, 0.0, 0.0, 0.0, 0.0, 0.0, 1.0],
                [1.0, 0.0, 0.0, -0.940936, 0.0, 0.0, -1.0, 0.629424, 0.0, 1.0, 0.0, 0.0, 0.0, 0.0, 0.0, 1.0],
                [1.0, 0.0, 0.0, -0.985844, 0.0, 0.0, -1.0, 0.692018, 0.0, 1.0, 0.0, 0.0, 0.0, 0.0, 0.0, 1.0],
                [1.0, 0.0, 0.0, -1.01654, 0.0, 0.0, -1.0, 0.756762, 0.0, 1.0, 0.0, 0.0, 0.0, 0.0, 0.0, 1.0],
                [1.0, 0.0, 0.0, -1.036288, 0.0, 0.0, -1.0, 0.822897, 0.0, 1.0, 0.0, 0.0, 0.0, 0.0, 0.0, 1.0],
                [1.0, 0.0, 0.0, -1.048355, 0.0, 0.0, -1.0, 0.889662, 0.0, 1.0, 0.0, 0.0, 0.0, 0.0, 0.0, 1.0],
                [1.0, 0.0, 0.0, -1.056006, 0.0, 0.0, -1.0, 0.956298, 0.0, 1.0, 0.0, 0.0, 0.0, 0.0, 0.0, 1.0],
                [1.0, 0.0, 0.0, -1.062506, 0.0, 0.0, -1.0, 1.022047, 0.0, 1.0, 0.0, 0.0, 0.0, 0.0, 0.0, 1.0],
                [1.0, 0.0, 0.0, -1.07112, 0.0, 0.0, -1.0, 1.086146, 0.0, 1.0, 0.0, 0.0, 0.0, 0.0, 0.0, 1.0],
                [1.0, 0.0, 0.0, -1.084445, 0.0, 0.0, -1.0, 1.14795, 0.0, 1.0, 0.0, 0.0, 0.0, 0.0, 0.0, 1.0],
                [1.0, 0.0, 0.0, -1.102393, 0.0, 0.0, -1.0, 1.207252, 0.0, 1.0, 0.0, 0.0, 0.0, 0.0, 0.0, 1.0],
                [1.0, 0.0, 0.0, -1.124209, 0.0, 0.0, -1.0, 1.263961, 0.0, 1.0, 0.0, 0.0, 0.0, 0.0, 0.0, 1.0],
                [1.0, 0.0, 0.0, -1.149135, 0.0, 0.0, -1.0, 1.317983, 0.0, 1.0, 0.0, 0.0, 0.0, 0.0, 0.0, 1.0],
                [1.0, 0.0, 0.0, -1.176414, 0.0, 0.0, -1.0, 1.369227, 0.0, 1.0, 0.0, 0.0, 0.0, 0.0, 0.0, 1.0],
                [1.0, 0.0, 0.0, -1.205292, 0.0, 0.0, -1.0, 1.417598, 0.0, 1.0, 0.0, 0.0, 0.0, 0.0, 0.0, 1.0],
                [1.0, 0.0, 0.0, -1.235009, 0.0, 0.0, -1.0, 1.463004, 0.0, 1.0, 0.0, 0.0, 0.0, 0.0, 0.0, 1.0],
                [1.0, 0.0, 0.0, -1.264811, 0.0, 0.0, -1.0, 1.505353, 0.0, 1.0, 0.0, 0.0, 0.0, 0.0, 0.0, 1.0],
                [1.0, 0.0, 0.0, -1.293941, 0.0, 0.0, -1.0, 1.544551, 0.0, 1.0, 0.0, 0.0, 0.0, 0.0, 0.0, 1.0],
                [1.0, 0.0, 0.0, -1.321641, 0.0, 0.0, -1.0, 1.580506, 0.0, 1.0, 0.0, 0.0, 0.0, 0.0, 0.0, 1.0],
                [1.0, 0.0, 0.0, -1.347155, 0.0, 0.0, -1.0, 1.613125, 0.0, 1.0, 0.0, 0.0, 0.0, 0.0, 0.0, 1.0],
                [1.0, 0.0, 0.0, -1.369727, 0.0, 0.0, -1.0, 1.642315, 0.0, 1.0, 0.0, 0.0, 0.0, 0.0, 0.0, 1.0],
                [1.0, 0.0, 0.0, -1.3886, 0.0, 0.0, -1.0, 1.667983, 0.0, 1.0, 0.0, 0.0, 0.0, 0.0, 0.0, 1.0],
                [1.0, 0.0, 0.0, -1.403018, 0.0, 0.0, -1.0, 1.690037, 0.0, 1.0, 0.0, 0.0, 0.0, 0.0, 0.0, 1.0],
                [1.0, 0.0, 0.0, -1.412223, 0.0, 0.0, -1.0, 1.708383, 0.0, 1.0, 0.0, 0.0, 0.0, 0.0, 0.0, 1.0],
                [1.0, 0.0, 0.0, -1.41546, 0.0, 0.0, -1.0, 1.722929, 0.0, 1.0, 0.0, 0.0, 0.0, 0.0, 0.0, 1.0],
                [1.0, 0.0, 0.0, -1.414976, 0.0, 0.0, -1.0, 1.734181, 0.0, 1.0, 0.0, 0.0, 0.0, 0.0, 0.0, 1.0],
                [1.0, 0.0, 0.0, -1.413538, 0.0, 0.0, -1.0, 1.742999, 0.0, 1.0, 0.0, 0.0, 0.0, 0.0, 0.0, 1.0],
                [1.0, 0.0, 0.0, -1.411164, 0.0, 0.0, -1.0, 1.749825, 0.0, 1.0, 0.0, 0.0, 0.0, 0.0, 0.0, 1.0],
                [1.0, 0.0, 0.0, -1.407875, 0.0, 0.0, -1.0, 1.755099, 0.0, 1.0, 0.0, 0.0, 0.0, 0.0, 0.0, 1.0],
                [1.0, 0.0, 0.0, -1.40369, 0.0, 0.0, -1.0, 1.759263, 0.0, 1.0, 0.0, 0.0, 0.0, 0.0, 0.0, 1.0],
                [1.0, 0.0, 0.0, -1.398628, 0.0, 0.0, -1.0, 1.762756, 0.0, 1.0, 0.0, 0.0, 0.0, 0.0, 0.0, 1.0],
                [1.0, 0.0, 0.0, -1.39271, 0.0, 0.0, -1.0, 1.766019, 0.0, 1.0, 0.0, 0.0, 0.0, 0.0, 0.0, 1.0],
                [1.0, 0.0, 0.0, -1.385955, 0.0, 0.0, -1.0, 1.769494, 0.0, 1.0, 0.0, 0.0, 0.0, 0.0, 0.0, 1.0],
                [1.0, 0.0, 0.0, -1.378382, 0.0, 0.0, -1.0, 1.773621, 0.0, 1.0, 0.0, 0.0, 0.0, 0.0, 0.0, 1.0],
                [1.0, 0.0, 0.0, -1.370012, 0.0, 0.0, -1.0, 1.77884, 0.0, 1.0, 0.0, 0.0, 0.0, 0.0, 0.0, 1.0],
                [1.0, 0.0, 0.0, -1.360862, 0.0, 0.0, -1.0, 1.785593, 0.0, 1.0, 0.0, 0.0, 0.0, 0.0, 0.0, 1.0],
                [1.0, 0.0, 0.0, -1.350954, 0.0, 0.0, -1.0, 1.794319, 0.0, 1.0, 0.0, 0.0, 0.0, 0.0, 0.0, 1.0],
                [1.0, 0.0, 0.0, -1.340307, 0.0, 0.0, -1.0, 1.805461, 0.0, 1.0, 0.0, 0.0, 0.0, 0.0, 0.0, 1.0],
                [1.0, 0.0, 0.0, -1.32894, 0.0, 0.0, -1.0, 1.819458, 0.0, 1.0, 0.0, 0.0, 0.0, 0.0, 0.0, 1.0],
                [1.0, 0.0, 0.0, -1.316873, 0.0, 0.0, -1.0, 1.836751, 0.0, 1.0, 0.0, 0.0, 0.0, 0.0, 0.0, 1.0],
                [1.0, 0.0, 0.0, -1.304126, 0.0, 0.0, -1.0, 1.857782, 0.0, 1.0, 0.0, 0.0, 0.0, 0.0, 0.0, 1.0],
                [1.0, 0.0, 0.0, -1.290717, 0.0, 0.0, -1.0, 1.882989, 0.0, 1.0, 0.0, 0.0, 0.0, 0.0, 0.0, 1.0],
                [1.0, 0.0, 0.0, -1.276668, 0.0, 0.0, -1.0, 1.912815, 0.0, 1.0, 0.0, 0.0, 0.0, 0.0, 0.0, 1.0],
                [1.0, 0.0, 0.0, -1.261997, 0.0, 0.0, -1.0, 1.947701, 0.0, 1.0, 0.0, 0.0, 0.0, 0.0, 0.0, 1.0],
                [1.0, 0.0, 0.0, -1.246723, 0.0, 0.0, -1.0, 1.988086, 0.0, 1.0, 0.0, 0.0, 0.0, 0.0, 0.0, 1.0],
                [1.0, 0.0, 0.0, -1.230867, 0.0, 0.0, -1.0, 2.034411, 0.0, 1.0, 0.0, 0.0, 0.0, 0.0, 0.0, 1.0],
                [1.0, 0.0, 0.0, -1.214448, 0.0, 0.0, -1.0, 2.087119, 0.0, 1.0, 0.0, 0.0, 0.0, 0.0, 0.0, 1.0],
                [1.0, 0.0, 0.0, -1.197486, 0.0, 0.0, -1.0, 2.146647, 0.0, 1.0, 0.0, 0.0, 0.0, 0.0, 0.0, 1.0],
                [1.0, 0.0, 0.0, -1.18, 0.0, 0.0, -1.0, 2.213439, 0.0, 1.0, 0.0, 0.0, 0.0, 0.0, 0.0, 1.0],
                [1.0, 0.0, 0.0, -1.16212, 0.0, 0.0, -1.0, 2.32284, 0.0, 1.0, 0.0, 0.0, 0.0, 0.0, 0.0, 1.0],
                [1.0, 0.0, 0.0, -1.144416, 0.0, 0.0, -1.0, 2.497238, 0.0, 1.0, 0.0, 0.0, 0.0, 0.0, 0.0, 1.0],
                [1.0, 0.0, 0.0, -1.127569, 0.0, 0.0, -1.0, 2.717635, 0.0, 1.0, 0.0, 0.0, 0.0, 0.0, 0.0, 1.0],
                [1.0, 0.0, 0.0, -1.112259, 0.0, 0.0, -1.0, 2.965034, 0.0, 1.0, 0.0, 0.0, 0.0, 0.0, 0.0, 1.0],
                [1.0, 0.0, 0.0, -1.099166, 0.0, 0.0, -1.0, 3.220436, 0.0, 1.0, 0.0, 0.0, 0.0, 0.0, 0.0, 1.0],
                [1.0, 0.0, 0.0, -1.088972, 0.0, 0.0, -1.0, 3.464846, 0.0, 1.0, 0.0, 0.0, 0.0, 0.0, 0.0, 1.0],
                [1.0, 0.0, 0.0, -1.082357, 0.0, 0.0, -1.0, 3.679264, 0.0, 1.0, 0.0, 0.0, 0.0, 0.0, 0.0, 1.0],
                [1.0, 0.0, 0.0, -1.08, 0.0, 0.0, -1.0, 3.844693, 0.0, 1.0, 0.0, 0.0, 0.0, 0.0, 0.0, 1.0],
                [1.0, 0.0, 0.0, -1.081836, 0.0, 0.0, -1.0, 3.949359, 0.0, 1.0, 0.0, 0.0, 0.0, 0.0, 0.0, 1.0],
                [1.0, 0.0, 0.0, -1.085246, 0.0, 0.0, -1.0, 4.01038, 0.0, 1.0, 0.0, 0.0, 0.0, 0.0, 0.0, 1.0],
                [1.0, 0.0, 0.0, -1.087082, 0.0, 0.0, -1.0, 4.052097, 0.0, 1.0, 0.0, 0.0, 0.0, 0.0, 0.0, 1.0],
                [1.0, 0.0, 0.0, -1.08377, 0.0, 0.0, -1.0, 4.09445, 0.0, 1.0, 0.0, 0.0, 0.0, 0.0, 0.0, 1.0],
                [1.0, 0.0, 0.0, -1.075038, 0.0, 0.0, -1.0, 4.139787, 0.0, 1.0, 0.0, 0.0, 0.0, 0.0, 0.0, 1.0],
                [1.0, 0.0, 0.0, -1.062693, 0.0, 0.0, -1.0, 4.186056, 0.0, 1.0, 0.0, 0.0, 0.0, 0.0, 0.0, 1.0],
                [1.0, 0.0, 0.0, -1.048541, 0.0, 0.0, -1.0, 4.231202, 0.0, 1.0, 0.0, 0.0, 0.0, 0.0, 0.0, 1.0],
                [1.0, 0.0, 0.0, -1.034389, 0.0, 0.0, -1.0, 4.273175, 0.0, 1.0, 0.0, 0.0, 0.0, 0.0, 0.0, 1.0],
                [1.0, 0.0, 0.0, -1.022044, 0.0, 0.0, -1.0, 4.309922, 0.0, 1.0, 0.0, 0.0, 0.0, 0.0, 0.0, 1.0],
                [1.0, 0.0, 0.0, -1.013312, 0.0, 0.0, -1.0, 4.339388, 0.0, 1.0, 0.0, 0.0, 0.0, 0.0, 0.0, 1.0],
                [1.0, 0.0, 0.0, -1.01, 0.0, 0.0, -1.0, 4.359523, 0.0, 1.0, 0.0, 0.0, 0.0, 0.0, 0.0, 1.0],
                [1.0, 0.0, 0.0, -1.010399, 0.0, 0.0, -1.0, 4.373868, 0.0, 1.0, 0.0, 0.0, 0.0, 0.0, 0.0, 1.0],
                [1.0, 0.0, 0.0, -1.011539, 0.0, 0.0, -1.0, 4.38735, 0.0, 1.0, 0.0, 0.0, 0.0, 0.0, 0.0, 1.0],
                [1.0, 0.0, 0.0, -1.013335, 0.0, 0.0, -1.0, 4.399989, 0.0, 1.0, 0.0, 0.0, 0.0, 0.0, 0.0, 1.0],
                [1.0, 0.0, 0.0, -1.015702, 0.0, 0.0, -1.0, 4.411808, 0.0, 1.0, 0.0, 0.0, 0.0, 0.0, 0.0, 1.0],
                [1.0, 0.0, 0.0, -1.018556, 0.0, 0.0, -1.0, 4.422832, 0.0, 1.0, 0.0, 0.0, 0.0, 0.0, 0.0, 1.0],
                [1.0, 0.0, 0.0, -1.02181, 0.0, 0.0, -1.0, 4.433082, 0.0, 1.0, 0.0, 0.0, 0.0, 0.0, 0.0, 1.0],
                [1.0, 0.0, 0.0, -1.025381, 0.0, 0.0, -1.0, 4.44258, 0.0, 1.0, 0.0, 0.0, 0.0, 0.0, 0.0, 1.0],
                [1.0, 0.0, 0.0, -1.029182, 0.0, 0.0, -1.0, 4.451349, 0.0, 1.0, 0.0, 0.0, 0.0, 0.0, 0.0, 1.0],
                [1.0, 0.0, 0.0, -1.03313, 0.0, 0.0, -1.0, 4.459412, 0.0, 1.0, 0.0, 0.0, 0.0, 0.0, 0.0, 1.0],
                [1.0, 0.0, 0.0, -1.037139, 0.0, 0.0, -1.0, 4.466791, 0.0, 1.0, 0.0, 0.0, 0.0, 0.0, 0.0, 1.0],
                [1.0, 0.0, 0.0, -1.041124, 0.0, 0.0, -1.0, 4.473509, 0.0, 1.0, 0.0, 0.0, 0.0, 0.0, 0.0, 1.0],
                [1.0, 0.0, 0.0, -1.045, 0.0, 0.0, -1.0, 4.479588, 0.0, 1.0, 0.0, 0.0, 0.0, 0.0, 0.0, 1.0],
                [1.0, 0.0, 0.0, -1.048698, 0.0, 0.0, -1.0, 4.485052, 0.0, 1.0, 0.0, 0.0, 0.0, 0.0, 0.0, 1.0],
                [1.0, 0.0, 0.0, -1.052215, 0.0, 0.0, -1.0, 4.489921, 0.0, 1.0, 0.0, 0.0, 0.0, 0.0, 0.0, 1.0],
                [1.0, 0.0, 0.0, -1.055561, 0.0, 0.0, -1.0, 4.49422, 0.0, 1.0, 0.0, 0.0, 0.0, 0.0, 0.0, 1.0],
                [1.0, 0.0, 0.0, -1.05875, 0.0, 0.0, -1.0, 4.497971, 0.0, 1.0, 0.0, 0.0, 0.0, 0.0, 0.0, 1.0],
                [1.0, 0.0, 0.0, -1.061792, 0.0, 0.0, -1.0, 4.501195, 0.0, 1.0, 0.0, 0.0, 0.0, 0.0, 0.0, 1.0],
                [1.0, 0.0, 0.0, -1.0647, 0.0, 0.0, -1.0, 4.503917, 0.0, 1.0, 0.0, 0.0, 0.0, 0.0, 0.0, 1.0],
                [1.0, 0.0, 0.0, -1.067486, 0.0, 0.0, -1.0, 4.506158, 0.0, 1.0, 0.0, 0.0, 0.0, 0.0, 0.0, 1.0],
                [1.0, 0.0, 0.0, -1.070161, 0.0, 0.0, -1.0, 4.507941, 0.0, 1.0, 0.0, 0.0, 0.0, 0.0, 0.0, 1.0],
                [1.0, 0.0, 0.0, -1.072739, 0.0, 0.0, -1.0, 4.509289, 0.0, 1.0, 0.0, 0.0, 0.0, 0.0, 0.0, 1.0],
                [1.0, 0.0, 0.0, -1.07523, 0.0, 0.0, -1.0, 4.510224, 0.0, 1.0, 0.0, 0.0, 0.0, 0.0, 0.0, 1.0],
                [1.0, 0.0, 0.0, -1.077646, 0.0, 0.0, -1.0, 4.510768, 0.0, 1.0, 0.0, 0.0, 0.0, 0.0, 0.0, 1.0],
                [1.0, 0.0, 0.0, -1.08, 0.0, 0.0, -1.0, 4.510944, 0.0, 1.0, 0.0, 0.0, 0.0, 0.0, 0.0, 1.0],
                [1.0, 0.0, 0.0, -1.082301, 0.0, 0.0, -1.0, 4.511096, 0.0, 1.0, 0.0, 0.0, 0.0, 0.0, 0.0, 1.0],
                [1.0, 0.0, 0.0, -1.08455, 0.0, 0.0, -1.0, 4.511536, 0.0, 1.0, 0.0, 0.0, 0.0, 0.0, 0.0, 1.0],
                [1.0, 0.0, 0.0, -1.086746, 0.0, 0.0, -1.0, 4.512249, 0.0, 1.0, 0.0, 0.0, 0.0, 0.0, 0.0, 1.0],
                [1.0, 0.0, 0.0, -1.088886, 0.0, 0.0, -1.0, 4.513211, 0.0, 1.0, 0.0, 0.0, 0.0, 0.0, 0.0, 1.0],
                [1.0, 0.0, 0.0, -1.090969, 0.0, 0.0, -1.0, 4.514405, 0.0, 1.0, 0.0, 0.0, 0.0, 0.0, 0.0, 1.0],
                [1.0, 0.0, 0.0, -1.092993, 0.0, 0.0, -1.0, 4.515811, 0.0, 1.0, 0.0, 0.0, 0.0, 0.0, 0.0, 1.0],
                [1.0, 0.0, 0.0, -1.094957, 0.0, 0.0, -1.0, 4.51741, 0.0, 1.0, 0.0, 0.0, 0.0, 0.0, 0.0, 1.0],
                [1.0, 0.0, 0.0, -1.096859, 0.0, 0.0, -1.0, 4.519181, 0.0, 1.0, 0.0, 0.0, 0.0, 0.0, 0.0, 1.0],
                [1.0, 0.0, 0.0, -1.098698, 0.0, 0.0, -1.0, 4.521107, 0.0, 1.0, 0.0, 0.0, 0.0, 0.0, 0.0, 1.0],
                [1.0, 0.0, 0.0, -1.100471, 0.0, 0.0, -1.0, 4.523167, 0.0, 1.0, 0.0, 0.0, 0.0, 0.0, 0.0, 1.0],
                [1.0, 0.0, 0.0, -1.102178, 0.0, 0.0, -1.0, 4.525341, 0.0, 1.0, 0.0, 0.0, 0.0, 0.0, 0.0, 1.0],
                [1.0, 0.0, 0.0, -1.103817, 0.0, 0.0, -1.0, 4.527611, 0.0, 1.0, 0.0, 0.0, 0.0, 0.0, 0.0, 1.0],
                [1.0, 0.0, 0.0, -1.105385, 0.0, 0.0, -1.0, 4.529957, 0.0, 1.0, 0.0, 0.0, 0.0, 0.0, 0.0, 1.0],
                [1.0, 0.0, 0.0, -1.106882, 0.0, 0.0, -1.0, 4.53236, 0.0, 1.0, 0.0, 0.0, 0.0, 0.0, 0.0, 1.0],
                [1.0, 0.0, 0.0, -1.108306, 0.0, 0.0, -1.0, 4.534799, 0.0, 1.0, 0.0, 0.0, 0.0, 0.0, 0.0, 1.0],
                [1.0, 0.0, 0.0, -1.109654, 0.0, 0.0, -1.0, 4.537257, 0.0, 1.0, 0.0, 0.0, 0.0, 0.0, 0.0, 1.0],
                [1.0, 0.0, 0.0, -1.110927, 0.0, 0.0, -1.0, 4.539711, 0.0, 1.0, 0.0, 0.0, 0.0, 0.0, 0.0, 1.0],
                [1.0, 0.0, 0.0, -1.112121, 0.0, 0.0, -1.0, 4.542145, 0.0, 1.0, 0.0, 0.0, 0.0, 0.0, 0.0, 1.0],
                [1.0, 0.0, 0.0, -1.113236, 0.0, 0.0, -1.0, 4.544538, 0.0, 1.0, 0.0, 0.0, 0.0, 0.0, 0.0, 1.0],
                [1.0, 0.0, 0.0, -1.114269, 0.0, 0.0, -1.0, 4.546871, 0.0, 1.0, 0.0, 0.0, 0.0, 0.0, 0.0, 1.0],
                [1.0, 0.0, 0.0, -1.115219, 0.0, 0.0, -1.0, 4.549125, 0.0, 1.0, 0.0, 0.0, 0.0, 0.0, 0.0, 1.0],
                [1.0, 0.0, 0.0, -1.116085, 0.0, 0.0, -1.0, 4.551279, 0.0, 1.0, 0.0, 0.0, 0.0, 0.0, 0.0, 1.0],
                [1.0, 0.0, 0.0, -1.116864, 0.0, 0.0, -1.0, 4.553315, 0.0, 1.0, 0.0, 0.0, 0.0, 0.0, 0.0, 1.0],
                [1.0, 0.0, 0.0, -1.117556, 0.0, 0.0, -1.0, 4.555212, 0.0, 1.0, 0.0, 0.0, 0.0, 0.0, 0.0, 1.0],
                [1.0, 0.0, 0.0, -1.118158, 0.0, 0.0, -1.0, 4.556952, 0.0, 1.0, 0.0, 0.0, 0.0, 0.0, 0.0, 1.0],
                [1.0, 0.0, 0.0, -1.118669, 0.0, 0.0, -1.0, 4.558516, 0.0, 1.0, 0.0, 0.0, 0.0, 0.0, 0.0, 1.0],
                [1.0, 0.0, 0.0, -1.119088, 0.0, 0.0, -1.0, 4.559884, 0.0, 1.0, 0.0, 0.0, 0.0, 0.0, 0.0, 1.0],
                [1.0, 0.0, 0.0, -1.119412, 0.0, 0.0, -1.0, 4.561035, 0.0, 1.0, 0.0, 0.0, 0.0, 0.0, 0.0, 1.0],
                [1.0, 0.0, 0.0, -1.11964, 0.0, 0.0, -1.0, 4.561951, 0.0, 1.0, 0.0, 0.0, 0.0, 0.0, 0.0, 1.0],
                [1.0, 0.0, 0.0, -1.119771, 0.0, 0.0, -1.0, 4.562612, 0.0, 1.0, 0.0, 0.0, 0.0, 0.0, 0.0, 1.0],
                [1.0, 0.0, 0.0, -1.119847, 0.0, 0.0, -1.0, 4.563106, 0.0, 1.0, 0.0, 0.0, 0.0, 0.0, 0.0, 1.0],
                [1.0, 0.0, 0.0, -1.119913, 0.0, 0.0, -1.0, 4.563533, 0.0, 1.0, 0.0, 0.0, 0.0, 0.0, 0.0, 1.0],
                [1.0, 0.0, 0.0, -1.119969, 0.0, 0.0, -1.0, 4.5639, 0.0, 1.0, 0.0, 0.0, 0.0, 0.0, 0.0, 1.0],
                [1.0, 0.0, 0.0, -1.120017, 0.0, 0.0, -1.0, 4.56421, 0.0, 1.0, 0.0, 0.0, 0.0, 0.0, 0.0, 1.0],
                [1.0, 0.0, 0.0, -1.120057, 0.0, 0.0, -1.0, 4.564469, 0.0, 1.0, 0.0, 0.0, 0.0, 0.0, 0.0, 1.0],
                [1.0, 0.0, 0.0, -1.12009, 0.0, 0.0, -1.0, 4.564681, 0.0, 1.0, 0.0, 0.0, 0.0, 0.0, 0.0, 1.0],
                [1.0, 0.0, 0.0, -1.120116, 0.0, 0.0, -1.0, 4.56485, 0.0, 1.0, 0.0, 0.0, 0.0, 0.0, 0.0, 1.0],
                [1.0, 0.0, 0.0, -1.120136, 0.0, 0.0, -1.0, 4.564983, 0.0, 1.0, 0.0, 0.0, 0.0, 0.0, 0.0, 1.0],
                [1.0, 0.0, 0.0, -1.120151, 0.0, 0.0, -1.0, 4.565082, 0.0, 1.0, 0.0, 0.0, 0.0, 0.0, 0.0, 1.0],
                [1.0, 0.0, 0.0, -1.120162, 0.0, 0.0, -1.0, 4.565153, 0.0, 1.0, 0.0, 0.0, 0.0, 0.0, 0.0, 1.0],
                [1.0, 0.0, 0.0, -1.12017, 0.0, 0.0, -1.0, 4.5652, 0.0, 1.0, 0.0, 0.0, 0.0, 0.0, 0.0, 1.0],
                [1.0, 0.0, 0.0, -1.120174, 0.0, 0.0, -1.0, 4.565229, 0.0, 1.0, 0.0, 0.0, 0.0, 0.0, 0.0, 1.0],
                [1.0, 0.0, 0.0, -1.120176, 0.0, 0.0, -1.0, 4.565244, 0.0, 1.0, 0.0, 0.0, 0.0, 0.0, 0.0, 1.0],
                [1.0, 0.0, 0.0, -1.120177, 0.0, 0.0, -1.0, 4.56525, 0.0, 1.0, 0.0, 0.0, 0.0, 0.0, 0.0, 1.0],
                [1.0, 0.0, 0.0, -1.120178, 0.0, 0.0, -1.0, 4.565251, 0.0, 1.0, 0.0, 0.0, 0.0, 0.0, 0.0, 1.0]
            ]
        },
        {
            "name": "B_Calf_L_IK",
            "time": [0.0, 0.0167, 0.0333, 0.05, 0.0667, 0.0833, 0.1, 0.1167, 0.1333, 0.15, 0.1667, 0.1833, 0.2, 0.2167, 0.2333, 0.25, 0.2667, 0.2833, 0.3, 0.3167, 0.3333, 0.35, 0.3667, 0.3833, 0.4, 0.4167, 0.4333, 0.45, 0.4667, 0.4833, 0.5, 0.5167, 0.5333, 0.55, 0.5667, 0.5833, 0.6, 0.6167, 0.6333, 0.65, 0.6667, 0.6833, 0.7, 0.7167, 0.7333, 0.75, 0.7667, 0.7833, 0.8, 0.8167, 0.8333, 0.85, 0.8667, 0.8833, 0.9, 0.9167, 0.9333, 0.95, 0.9667, 0.9833, 1.0, 1.0167, 1.0333, 1.05, 1.0667, 1.0833, 1.1, 1.1167, 1.1333, 1.15, 1.1667, 1.1833, 1.2, 1.2167, 1.2333, 1.25, 1.2667, 1.2833, 1.3, 1.3167, 1.3333, 1.35, 1.3667, 1.3833, 1.4, 1.4167, 1.4333, 1.45, 1.4667, 1.4833, 1.5, 1.5167, 1.5333, 1.55, 1.5667, 1.5833, 1.6, 1.6167, 1.6333, 1.65, 1.6667, 1.6833, 1.7, 1.7167, 1.7333, 1.75, 1.7667, 1.7833, 1.8, 1.8167, 1.8333, 1.85, 1.8667, 1.8833, 1.9, 1.9167, 1.9333, 1.95, 1.9667, 1.9833, 2.0, 2.0167, 2.0333, 2.05, 2.0667, 2.0833, 2.1, 2.1167, 2.1333, 2.15, 2.1667, 2.1833, 2.2, 2.2167, 2.2333, 2.25, 2.2667, 2.2833, 2.3, 2.3167, 2.3333, 2.35, 2.3667, 2.3833, 2.4, 2.4167, 2.4333, 2.45, 2.4667, 2.4833, 2.5, 2.5167, 2.5333, 2.55, 2.5667, 2.5833],
            "transform": [
                [-0.021774, 0.766694, 0.641643, -0.242541, -0.999178, 0.005268, -0.040202, 0.330366, -0.034203, -0.641991, 0.765949, -0.09265, 0.0, 0.0, 0.0, 1.0],
                [-0.021774, 0.766695, 0.641642, -0.242442, -0.999178, 0.005268, -0.040202, 0.330366, -0.034203, -0.64199, 0.76595, -0.024902, 0.0, 0.0, 0.0, 1.0],
                [-0.021774, 0.766695, 0.641642, -0.241752, -0.999178, 0.005268, -0.040202, 0.330366, -0.034203, -0.64199, 0.76595, 0.02923, 0.0, 0.0, 0.0, 1.0],
                [-0.021774, 0.766695, 0.641642, -0.239878, -0.999178, 0.005268, -0.040202, 0.330366, -0.034203, -0.64199, 0.76595, 0.071482, 0.0, 0.0, 0.0, 1.0],
                [-0.021774, 0.766695, 0.641642, -0.236229, -0.999178, 0.005268, -0.040202, 0.330366, -0.034203, -0.64199, 0.76595, 0.103591, 0.0, 0.0, 0.0, 1.0],
                [-0.021774, 0.766695, 0.641642, -0.230214, -0.999178, 0.005268, -0.040202, 0.330366, -0.034203, -0.64199, 0.76595, 0.127293, 0.0, 0.0, 0.0, 1.0],
                [-0.021774, 0.766695, 0.641642, -0.22124, -0.999178, 0.005268, -0.040202, 0.330366, -0.034203, -0.64199, 0.76595, 0.144325, 0.0, 0.0, 0.0, 1.0],
                [-0.021774, 0.766695, 0.641642, -0.208717, -0.999178, 0.005268, -0.040202, 0.330366, -0.034203, -0.64199, 0.76595, 0.156423, 0.0, 0.0, 0.0, 1.0],
                [-0.021774, 0.766695, 0.641642, -0.192052, -0.999178, 0.005268, -0.040202, 0.330366, -0.034203, -0.64199, 0.76595, 0.165323, 0.0, 0.0, 0.0, 1.0],
                [-0.021774, 0.766695, 0.641642, -0.170653, -0.999178, 0.005268, -0.040202, 0.330366, -0.034203, -0.64199, 0.76595, 0.172763, 0.0, 0.0, 0.0, 1.0],
                [-0.021774, 0.766695, 0.641642, -0.143929, -0.999178, 0.005268, -0.040202, 0.330366, -0.034203, -0.64199, 0.76595, 0.180479, 0.0, 0.0, 0.0, 1.0],
                [-0.021774, 0.766695, 0.641642, -0.111289, -0.999178, 0.005268, -0.040202, 0.330366, -0.034203, -0.64199, 0.76595, 0.190206, 0.0, 0.0, 0.0, 1.0],
                [-0.022945, 0.776159, 0.630119, -0.072477, -0.999179, 0.003244, -0.040379, 0.331401, -0.033384, -0.630528, 0.775448, 0.198477, 0.0, 0.0, 0.0, 1.0],
                [-0.026511, 0.800888, 0.598227, -0.027141, -0.999161, -0.002537, -0.040883, 0.334418, -0.031225, -0.598808, 0.800283, 0.203716, 0.0, 0.0, 0.0, 1.0],
                [-0.032558, 0.834765, 0.549643, 0.045238, -0.999073, -0.011682, -0.041438, 0.339281, -0.02817, -0.550483, 0.834371, 0.210585, 0.0, 0.0, 0.0, 1.0],
                [-0.041167, 0.871665, 0.48837, 0.15385, -0.998848, -0.023836, -0.041654, 0.345857, -0.024667, -0.489522, 0.871642, 0.222083, 0.0, 0.0, 0.0, 1.0],
                [-0.052419, 0.90632, 0.419329, 0.282438, -0.998401, -0.038665, -0.041238, 0.35401, -0.021162, -0.42082, 0.906897, 0.240289, 0.0, 0.0, 0.0, 1.0],
                [-0.066392, 0.934956, 0.348497, 0.414748, -0.997629, -0.055865, -0.040182, 0.363607, -0.0181, -0.350338, 0.936448, 0.267284, 0.0, 0.0, 0.0, 1.0],
                [-0.083161, 0.955606, 0.282669, 0.534524, -0.996409, -0.075202, -0.038911, 0.374513, -0.015926, -0.28489, 0.958428, 0.305146, 0.0, 0.0, 0.0, 1.0],
                [-0.102794, 0.967975, 0.229035, 0.625511, -0.994588, -0.096529, -0.038422, 0.386594, -0.015083, -0.231745, 0.97266, 0.355955, 0.0, 0.0, 0.0, 1.0],
                [-0.125139, 0.973392, 0.191959, 0.686857, -0.992019, -0.11975, -0.039473, 0.399646, -0.015436, -0.195367, 0.980609, 0.421393, 0.0, 0.0, 0.0, 1.0],
                [-0.149201, 0.975058, 0.164322, 0.729794, -0.98867, -0.14434, -0.041203, 0.413197, -0.016457, -0.168608, 0.985546, 0.50051, 0.0, 0.0, 0.0, 1.0],
                [-0.173777, 0.975358, 0.13593, 0.756195, -0.984621, -0.169563, -0.042078, 0.426702, -0.017992, -0.141152, 0.989824, 0.591437, 0.0, 0.0, 0.0, 1.0],
                [-0.197683, 0.975501, 0.09654, 0.767931, -0.980064, -0.194683, -0.039656, 0.439621, -0.01989, -0.102455, 0.994539, 0.692306, 0.0, 0.0, 0.0, 1.0],
                [-0.219753, 0.974893, 0.035947, 0.766872, -0.975307, -0.218717, -0.030635, 0.451409, -0.022003, -0.041791, 0.998884, 0.801247, 0.0, 0.0, 0.0, 1.0],
                [-0.238849, 0.969452, -0.055808, 0.754891, -0.970755, -0.239812, -0.011152, 0.461525, -0.024194, 0.051512, 0.998379, 0.916392, 0.0, 0.0, 0.0, 1.0],
                [-0.253855, 0.948902, -0.187462, 0.73386, -0.966884, -0.254225, 0.022474, 0.469426, -0.026332, 0.186959, 0.982015, 1.035872, 0.0, 0.0, 0.0, 1.0],
                [-0.263669, 0.8935, -0.363505, 0.705649, -0.964198, -0.255179, 0.072149, 0.474569, -0.028293, 0.369514, 0.928794, 1.157817, 0.0, 0.0, 0.0, 1.0],
                [-0.267188, 0.771708, -0.577128, 0.671459, -0.963179, -0.232486, 0.135045, 0.476412, -0.029959, 0.59196, 0.80541, 1.280471, 0.0, 0.0, 0.0, 1.0],
                [-0.25227, 0.512937, -0.820522, 0.622752, -0.967149, -0.161116, 0.196632, 0.461229, -0.03134, 0.843171, 0.536731, 1.401752, 0.0, 0.0, 0.0, 1.0],
                [-0.211793, 0.088755, -0.973276, 0.559093, -0.976774, -0.052349, 0.20778, 0.425006, -0.032509, 0.994677, 0.097781, 1.516619, 0.0, 0.0, 0.0, 1.0],
                [-0.152125, -0.371949, -0.915703, 0.491494, -0.987797, 0.025906, 0.153579, 0.38177, -0.033401, 0.927891, -0.371351, 1.619261, 0.0, 0.0, 0.0, 1.0],
                [-0.079958, -0.703042, -0.706639, 0.430964, -0.99622, 0.032218, 0.08067, 0.345548, -0.033947, 0.710418, -0.70296, 1.703868, 0.0, 0.0, 0.0, 1.0],
                [-0.002478, -0.84754, -0.530725, 0.388517, -0.999414, -0.016012, 0.030238, 0.330366, -0.034126, 0.530489, -0.847004, 1.764631, 0.0, 0.0, 0.0, 1.0],
                [0.073813, -0.892647, -0.444671, 0.37012, -0.996768, -0.08021, -0.004442, 0.332325, -0.031702, 0.443561, -0.895683, 1.809945, 0.0, 0.0, 0.0, 1.0],
                [0.146396, -0.912956, -0.380892, 0.370737, -0.988921, -0.144629, -0.033432, 0.337981, -0.024566, 0.381566, -0.924015, 1.851644, 0.0, 0.0, 0.0, 1.0],
                [0.213875, -0.916881, -0.337027, 0.384882, -0.976774, -0.20533, -0.061254, 0.347044, -0.01304, 0.3423, -0.9395, 1.889081, 0.0, 0.0, 0.0, 1.0],
                [0.275026, -0.910586, -0.308534, 0.407063, -0.961434, -0.259651, -0.090702, 0.359224, 0.002481, 0.321581, -0.946879, 1.921604, 0.0, 0.0, 0.0, 1.0],
                [0.328808, -0.898772, -0.289989, 0.431792, -0.94415, -0.305822, -0.122695, 0.374232, 0.02159, 0.314136, -0.949132, 1.948566, 0.0, 0.0, 0.0, 1.0],
                [0.374355, -0.885313, -0.275825, 0.45358, -0.926243, -0.342911, -0.156476, 0.391776, 0.043947, 0.314059, -0.948386, 1.969316, 0.0, 0.0, 0.0, 1.0],
                [0.41094, -0.8736, -0.260676, 0.466936, -0.909021, -0.370893, -0.190048, 0.411568, 0.069343, 0.315058, -0.946536, 1.983207, 0.0, 0.0, 0.0, 1.0],
                [0.437916, -0.866564, -0.239368, 0.466372, -0.893686, -0.390654, -0.220715, 0.433316, 0.097753, 0.310574, -0.945509, 1.989588, 0.0, 0.0, 0.0, 1.0],
                [0.454644, -0.866373, -0.206632, 0.446397, -0.881228, -0.403853, -0.245642, 0.456731, 0.129369, 0.29377, -0.947081, 1.987809, 0.0, 0.0, 0.0, 1.0],
                [0.460405, -0.87378, -0.156639, 0.401523, -0.872317, -0.412606, -0.262335, 0.481524, 0.164593, 0.257419, -0.952179, 1.977223, 0.0, 0.0, 0.0, 1.0],
                [0.459839, -0.884015, -0.084054, 0.321249, -0.86457, -0.424093, -0.269561, 0.507043, 0.20265, 0.196625, -0.959308, 1.931611, 0.0, 0.0, 0.0, 1.0],
                [0.455858, -0.890007, 0.008976, 0.205574, -0.857123, -0.441688, -0.265051, 0.531189, 0.239861, 0.113132, -0.964193, 1.837743, 0.0, 0.0, 0.0, 1.0],
                [0.445004, -0.887771, 0.11762, 0.064768, -0.852997, -0.460193, -0.246209, 0.551498, 0.272705, 0.009235, -0.962053, 1.714459, 0.0, 0.0, 0.0, 1.0],
                [0.423678, -0.874294, 0.23687, -0.090903, -0.855459, -0.472176, -0.212697, 0.565505, 0.297804, -0.112518, -0.947973, 1.580594, 0.0, 0.0, 0.0, 1.0],
                [0.388003, -0.847786, 0.361543, -0.251172, -0.867467, -0.468446, -0.16751, 0.570745, 0.311376, -0.248632, -0.917184, 1.454987, 0.0, 0.0, 0.0, 1.0],
                [0.334419, -0.807486, 0.485933, -0.406743, -0.893495, -0.435641, -0.109011, 0.557456, 0.299717, -0.397723, -0.867171, 1.352896, 0.0, 0.0, 0.0, 1.0],
                [0.266728, -0.752566, 0.60208, -0.552193, -0.928972, -0.367111, -0.047325, 0.523126, 0.256645, -0.546692, -0.797032, 1.275262, 0.0, 0.0, 0.0, 1.0],
                [0.192428, -0.686171, 0.701527, -0.683062, -0.962606, -0.270904, -0.000932, 0.47617, 0.190686, -0.675114, -0.712642, 1.219449, 0.0, 0.0, 0.0, 1.0],
                [0.11977, -0.61628, 0.778366, -0.794894, -0.98625, -0.16378, 0.022083, 0.425002, 0.113872, -0.770308, -0.627422, 1.18282, 0.0, 0.0, 0.0, 1.0],
                [0.057383, -0.553666, 0.830759, -0.88323, -0.997515, -0.065873, 0.025, 0.378036, 0.040883, -0.830129, -0.55607, 1.162738, 0.0, 0.0, 0.0, 1.0],
                [0.013853, -0.509405, 0.860415, -0.943614, -0.999818, 0.004259, 0.018618, 0.343686, -0.013149, -0.860516, -0.509253, 1.156567, 0.0, 0.0, 0.0, 1.0],
                [-0.002478, -0.492974, 0.87004, -0.971587, -0.999414, 0.030913, 0.014668, 0.330366, -0.034126, -0.869494, -0.492762, 1.16167, 0.0, 0.0, 0.0, 1.0],
                [-0.002478, -0.492974, 0.87004, -0.982234, -0.999414, 0.030913, 0.014668, 0.330366, -0.034126, -0.869494, -0.492762, 1.172811, 0.0, 0.0, 0.0, 1.0],
                [-0.002478, -0.492974, 0.87004, -0.9936, -0.999414, 0.030913, 0.014668, 0.330366, -0.034126, -0.869494, -0.492762, 1.186809, 0.0, 0.0, 0.0, 1.0],
                [-0.002478, -0.492974, 0.87004, -1.005668, -0.999414, 0.030913, 0.014668, 0.330366, -0.034126, -0.869494, -0.492762, 1.204101, 0.0, 0.0, 0.0, 1.0],
                [-0.002478, -0.492974, 0.87004, -1.018415, -0.999414, 0.030913, 0.014668, 0.330366, -0.034126, -0.869494, -0.492762, 1.225132, 0.0, 0.0, 0.0, 1.0],
                [-0.002478, -0.492974, 0.87004, -1.031823, -0.999414, 0.030913, 0.014668, 0.330366, -0.034126, -0.869494, -0.492762, 1.25034, 0.0, 0.0, 0.0, 1.0],
                [-0.002478, -0.492974, 0.87004, -1.045873, -0.999414, 0.030913, 0.014668, 0.330366, -0.034126, -0.869494, -0.492762, 1.280166, 0.0, 0.0, 0.0, 1.0],
                [-0.002478, -0.492974, 0.87004, -1.060544, -0.999414, 0.030913, 0.014668, 0.330366, -0.034126, -0.869494, -0.492762, 1.315051, 0.0, 0.0, 0.0, 1.0],
                [-0.002478, -0.492974, 0.87004, -1.075817, -0.999414, 0.030913, 0.014668, 0.330366, -0.034126, -0.869494, -0.492762, 1.355436, 0.0, 0.0, 0.0, 1.0],
                [-0.002478, -0.492974, 0.87004, -1.091673, -0.999414, 0.030913, 0.014668, 0.330366, -0.034126, -0.869494, -0.492762, 1.401762, 0.0, 0.0, 0.0, 1.0],
                [-0.002478, -0.492974, 0.87004, -1.108092, -0.999414, 0.030913, 0.014668, 0.330366, -0.034126, -0.869494, -0.492762, 1.454469, 0.0, 0.0, 0.0, 1.0],
                [-0.002478, -0.492974, 0.87004, -1.125055, -0.999414, 0.030913, 0.014668, 0.330366, -0.034126, -0.869494, -0.492762, 1.513998, 0.0, 0.0, 0.0, 1.0],
                [-0.002478, -0.492974, 0.87004, -1.14254, -0.999414, 0.030913, 0.014668, 0.330366, -0.034126, -0.869494, -0.492762, 1.58079, 0.0, 0.0, 0.0, 1.0],
                [-0.008217, -0.47975, 0.877367, -1.141539, -0.999919, 0.012432, -0.002567, 0.338499, -0.009676, -0.877317, -0.479814, 1.660032, 0.0, 0.0, 0.0, 1.0],
                [-0.023345, -0.444304, 0.895572, -1.109068, -0.998227, -0.038708, -0.045224, 0.359942, 0.054759, -0.895039, -0.442613, 1.750859, 0.0, 0.0, 0.0, 1.0],
                [-0.04472, -0.392876, 0.918503, -1.054155, -0.988377, -0.116322, -0.097877, 0.390257, 0.145296, -0.912205, -0.383108, 1.844632, 0.0, 0.0, 0.0, 1.0],
                [-0.069195, -0.332303, 0.940631, -0.985824, -0.966477, -0.211364, -0.145766, 0.425008, 0.247254, -0.919184, -0.306537, 1.932714, 0.0, 0.0, 0.0, 1.0],
                [-0.093626, -0.27035, 0.958199, -0.913101, -0.933542, -0.310654, -0.178866, 0.459758, 0.346025, -0.911265, -0.223298, 2.006466, 0.0, 0.0, 0.0, 1.0],
                [-0.114891, -0.215472, 0.969728, -0.845011, -0.896154, -0.398714, -0.194768, 0.490072, 0.428611, -0.891402, -0.147287, 2.057251, 0.0, 0.0, 0.0, 1.0],
                [-0.1299, -0.176331, 0.975722, -0.790581, -0.865059, -0.460756, -0.198435, 0.511512, 0.48456, -0.869834, -0.092684, 2.076427, 0.0, 0.0, 0.0, 1.0],
                [-0.135586, -0.161436, 0.977525, -0.758836, -0.852295, -0.484072, -0.198159, 0.519642, 0.505182, -0.860007, -0.071958, 2.055358, 0.0, 0.0, 0.0, 1.0],
                [-0.131881, -0.171145, 0.976379, -0.741288, -0.860672, -0.468896, -0.198443, 0.514339, 0.491783, -0.866513, -0.085461, 1.990862, 0.0, 0.0, 0.0, 1.0],
                [-0.121818, -0.197445, 0.972716, -0.725299, -0.882279, -0.427408, -0.197249, 0.499952, 0.454692, -0.882234, -0.122136, 1.901576, 0.0, 0.0, 0.0, 1.0],
                [-0.106964, -0.236019, 0.965844, -0.713668, -0.911021, -0.365829, -0.190289, 0.478752, 0.398246, -0.900258, -0.175888, 1.811594, 0.0, 0.0, 0.0, 1.0],
                [-0.088894, -0.282451, 0.955154, -0.709623, -0.94077, -0.291191, -0.173664, 0.453011, 0.327184, -0.914018, -0.239837, 1.740611, 0.0, 0.0, 0.0, 1.0],
                [-0.069195, -0.332302, 0.940631, -0.713085, -0.966477, -0.211364, -0.145766, 0.424999, 0.247254, -0.919185, -0.306537, 1.690725, 0.0, 0.0, 0.0, 1.0],
                [-0.049468, -0.381258, 0.923144, -0.7219, -0.98501, -0.134302, -0.10825, 0.396987, 0.165251, -0.914661, -0.368899, 1.659638, 0.0, 0.0, 0.0, 1.0],
                [-0.031321, -0.425288, 0.904516, -0.733912, -0.99557, -0.066989, -0.065971, 0.371247, 0.088649, -0.902575, -0.421306, 1.645049, 0.0, 0.0, 0.0, 1.0],
                [-0.016368, -0.460756, 0.887376, -0.746967, -0.999552, -0.014699, -0.026069, 0.350049, 0.025055, -0.887405, -0.460309, 1.644661, 0.0, 0.0, 0.0, 1.0],
                [-0.006218, -0.484371, 0.874841, -0.75891, -0.999815, 0.01893, 0.003374, 0.335665, -0.018195, -0.874658, -0.484399, 1.656172, 0.0, 0.0, 0.0, 1.0],
                [-0.002478, -0.492974, 0.87004, -0.767585, -0.999414, 0.030913, 0.014668, 0.330366, -0.034126, -0.869494, -0.492762, 1.677281, 0.0, 0.0, 0.0, 1.0],
                [-0.002478, -0.492974, 0.87004, -0.770897, -0.999414, 0.030913, 0.014668, 0.330366, -0.034126, -0.869494, -0.492762, 1.697416, 0.0, 0.0, 0.0, 1.0],
                [-0.002478, -0.492974, 0.87004, -0.770498, -0.999414, 0.030913, 0.014668, 0.330366, -0.034126, -0.869494, -0.492762, 1.711761, 0.0, 0.0, 0.0, 1.0],
                [-0.002478, -0.492974, 0.87004, -0.769358, -0.999414, 0.030913, 0.014668, 0.330366, -0.034126, -0.869494, -0.492762, 1.725243, 0.0, 0.0, 0.0, 1.0],
                [-0.002478, -0.492974, 0.87004, -0.767562, -0.999414, 0.030913, 0.014668, 0.330366, -0.034126, -0.869494, -0.492762, 1.737882, 0.0, 0.0, 0.0, 1.0],
                [-0.002478, -0.492974, 0.87004, -0.765195, -0.999414, 0.030913, 0.014668, 0.330366, -0.034126, -0.869494, -0.492762, 1.749701, 0.0, 0.0, 0.0, 1.0],
                [-0.002478, -0.492974, 0.87004, -0.762341, -0.999414, 0.030913, 0.014668, 0.330366, -0.034126, -0.869494, -0.492762, 1.760725, 0.0, 0.0, 0.0, 1.0],
                [-0.002478, -0.492974, 0.87004, -0.759087, -0.999414, 0.030913, 0.014668, 0.330366, -0.034126, -0.869494, -0.492762, 1.770975, 0.0, 0.0, 0.0, 1.0],
                [-0.002478, -0.492974, 0.87004, -0.755516, -0.999414, 0.030913, 0.014668, 0.330366, -0.034126, -0.869494, -0.492762, 1.780473, 0.0, 0.0, 0.0, 1.0],
                [-0.002478, -0.492974, 0.87004, -0.751714, -0.999414, 0.030913, 0.014668, 0.330366, -0.034126, -0.869494, -0.492762, 1.789242, 0.0, 0.0, 0.0, 1.0],
                [-0.002478, -0.492974, 0.87004, -0.747767, -0.999414, 0.030913, 0.014668, 0.330366, -0.034126, -0.869494, -0.492762, 1.797305, 0.0, 0.0, 0.0, 1.0],
                [-0.002478, -0.492974, 0.87004, -0.743758, -0.999414, 0.030913, 0.014668, 0.330366, -0.034126, -0.869494, -0.492762, 1.804684, 0.0, 0.0, 0.0, 1.0],
                [-0.002478, -0.492974, 0.87004, -0.739773, -0.999414, 0.030913, 0.014668, 0.330366, -0.034126, -0.869494, -0.492762, 1.811402, 0.0, 0.0, 0.0, 1.0],
                [-0.002478, -0.492974, 0.87004, -0.735897, -0.999414, 0.030913, 0.014668, 0.330366, -0.034126, -0.869494, -0.492762, 1.817481, 0.0, 0.0, 0.0, 1.0],
                [-0.002478, -0.492974, 0.87004, -0.732198, -0.999414, 0.030913, 0.014668, 0.330366, -0.034126, -0.869494, -0.492762, 1.822945, 0.0, 0.0, 0.0, 1.0],
                [-0.002478, -0.492974, 0.87004, -0.728682, -0.999414, 0.030913, 0.014668, 0.330366, -0.034126, -0.869494, -0.492762, 1.827814, 0.0, 0.0, 0.0, 1.0],
                [-0.002478, -0.492974, 0.87004, -0.725336, -0.999414, 0.030913, 0.014668, 0.330366, -0.034126, -0.869494, -0.492762, 1.832113, 0.0, 0.0, 0.0, 1.0],
                [-0.002478, -0.492974, 0.87004, -0.722147, -0.999414, 0.030913, 0.014668, 0.330366, -0.034126, -0.869494, -0.492762, 1.835864, 0.0, 0.0, 0.0, 1.0],
                [-0.002478, -0.492974, 0.87004, -0.719105, -0.999414, 0.030913, 0.014668, 0.330366, -0.034126, -0.869494, -0.492762, 1.839088, 0.0, 0.0, 0.0, 1.0],
                [-0.002478, -0.492974, 0.87004, -0.716197, -0.999414, 0.030913, 0.014668, 0.330366, -0.034126, -0.869494, -0.492762, 1.84181, 0.0, 0.0, 0.0, 1.0],
                [-0.002478, -0.492974, 0.87004, -0.713411, -0.999414, 0.030913, 0.014668, 0.330366, -0.034126, -0.869494, -0.492762, 1.844051, 0.0, 0.0, 0.0, 1.0],
                [-0.002478, -0.492974, 0.87004, -0.710735, -0.999414, 0.030913, 0.014668, 0.330366, -0.034126, -0.869494, -0.492762, 1.845834, 0.0, 0.0, 0.0, 1.0],
                [-0.002478, -0.492974, 0.87004, -0.708158, -0.999414, 0.030913, 0.014668, 0.330366, -0.034126, -0.869494, -0.492762, 1.847182, 0.0, 0.0, 0.0, 1.0],
                [-0.002478, -0.492974, 0.87004, -0.705667, -0.999414, 0.030913, 0.014668, 0.330366, -0.034126, -0.869494, -0.492762, 1.848117, 0.0, 0.0, 0.0, 1.0],
                [-0.002478, -0.492974, 0.87004, -0.703251, -0.999414, 0.030913, 0.014668, 0.330366, -0.034126, -0.869494, -0.492762, 1.848661, 0.0, 0.0, 0.0, 1.0],
                [-0.002478, -0.492974, 0.87004, -0.700897, -0.999414, 0.030913, 0.014668, 0.330366, -0.034126, -0.869494, -0.492762, 1.848837, 0.0, 0.0, 0.0, 1.0],
                [-0.002478, -0.492974, 0.87004, -0.698596, -0.999414, 0.030913, 0.014668, 0.330366, -0.034126, -0.869494, -0.492762, 1.848989, 0.0, 0.0, 0.0, 1.0],
                [-0.002459, -0.491388, 0.870937, -0.696875, -0.999811, 0.018013, 0.00734, 0.333347, -0.019294, -0.870754, -0.49134, 1.841545, 0.0, 0.0, 0.0, 1.0],
                [-0.002405, -0.486867, 0.873472, -0.696184, -0.999777, -0.017151, -0.012312, 0.341439, 0.020976, -0.873307, -0.486718, 1.819818, 0.0, 0.0, 0.0, 1.0],
                [-0.002318, -0.479754, 0.8774, -0.696402, -0.996773, -0.069295, -0.040523, 0.353363, 0.08024, -0.874662, -0.478045, 1.785606, 0.0, 0.0, 0.0, 1.0],
                [-0.002203, -0.470385, 0.882458, -0.69741, -0.988408, -0.132938, -0.073328, 0.367843, 0.151805, -0.87239, -0.46464, 1.740708, 0.0, 0.0, 0.0, 1.0],
                [-0.002064, -0.459096, 0.888384, -0.699086, -0.973477, -0.202319, -0.106815, 0.383601, 0.228776, -0.865042, -0.446502, 1.686927, 0.0, 0.0, 0.0, 1.0],
                [-0.001904, -0.44623, 0.894916, -0.701309, -0.952561, -0.271551, -0.137429, 0.399359, 0.30434, -0.852724, -0.424544, 1.62606, 0.0, 0.0, 0.0, 1.0],
                [-0.00173, -0.432133, 0.901808, -0.703961, -0.928175, -0.334906, -0.162262, 0.413839, 0.37214, -0.837316, -0.400516, 1.559907, 0.0, 0.0, 0.0, 1.0],
                [-0.001545, -0.417168, 0.908828, -0.70692, -0.904468, -0.387068, -0.179209, 0.425764, 0.426539, -0.822283, -0.376717, 1.490271, 0.0, 0.0, 0.0, 1.0],
                [-0.001356, -0.401704, 0.915768, -0.710066, -0.886561, -0.423161, -0.186933, 0.433857, 0.462609, -0.812138, -0.355562, 1.418948, 0.0, 0.0, 0.0, 1.0],
                [-0.001168, -0.386126, 0.922445, -0.713279, -0.8796, -0.438422, -0.184633, 0.436839, 0.475712, -0.811598, -0.339125, 1.347739, 0.0, 0.0, 0.0, 1.0],
                [-0.000986, -0.370829, 0.928701, -0.716438, -0.889534, -0.423969, -0.170235, 0.433137, 0.456868, -0.826278, -0.329447, 1.278447, 0.0, 0.0, 0.0, 1.0],
                [-0.000816, -0.356214, 0.934404, -0.719423, -0.913776, -0.379306, -0.145397, 0.423376, 0.406217, -0.853954, -0.32519, 1.212869, 0.0, 0.0, 0.0, 1.0],
                [-0.000659, -0.342695, 0.939446, -0.722114, -0.943117, -0.312116, -0.114517, 0.409575, 0.332461, -0.886083, -0.322996, 1.152807, 0.0, 0.0, 0.0, 1.0],
